0   1L1W_1_minimize   GUA   1   H1'   5.95   5.05   1 0 0 0   -0.0500978   0.76677   0.0966844   0.0287803   0.0367082   0.0117579   0   0.00894697   0.0120913   0.0126446   0.045386   0.0156632   0   0.0278158   0   0   0.0372157   0.0129746   0.106839   0   0   0   0   0   0   0   0   0   0   0   0   0   0   0   0   0   0   0   0   0   0   0   0   0   0   0   0   0   0   0   0   0   0   0   0   0   0   0   0   0   0   0   0   0   0   0   0   0   0   
0   1L1W_1_minimize   GUA   1   H2'   4.93   4.02   1 0 0 0   -0.03461   0.114782   0.772015   0.0980098   0.0431249   0.0251385   0.0208377   0.0236553   0.038034   0.0155242   0.0531622   0.0252648   0.00805595   0.0587703   0.00848597   0.00972155   0.0422583   0.029463   0.0838139   0   0   0   0   0   0   0   0   0   0   0   0   0   0   0   0   0   0   0   0   0   0   0   0   0   0   0   0   0   0   0   0   0   0   0   0   0   0   0   0   0   0   0   0   0   0   0   0   0   0   
0   1L1W_1_minimize   GUA   1   H1   12.09   12.36   1 0 0 0   -0.10717   0   0   0   0   0   0   0   0   0.131234   0.0370203   0.0473695   0.136907   0.00817106   0.996543   0.0751454   0.0439548   0.0213142   0.00964799   0.0833927   0   0   0   0   0   0   0   0   0.0168536   0.0158823   0.0189136   0.0222609   0.00845618   0.0205011   0.0143488   0.0156372   0.0113899   0.00955162   0   0   0   0   0   0   0   0   0   0   0   0   0   0   0   0   0   0   0   0   0   0   0   0.0430125   0.0419041   0.0131073   0.0096091   0.0137228   0.134932   0.0366444   0.0385805   
0   1L1W_1_minimize   GUA   1   H8   8.22   7.69   1 0 0 0   -0.11483   0.0405077   0.0173571   0.0181821   0.0227411   0.0188736   0   0.0130413   0   0   0.0301166   0.0315032   0.0106228   0.796139   0   0   0.0109298   0.108681   0.0995172   0   0   0   0   0   0   0   0   0   0   0   0   0   0   0   0   0   0   0   0   0   0   0   0   0   0   0   0   0   0   0   0   0   0   0   0   0   0   0   0   0   0   0   0   0   0   0   0   0   0   
0   1L1W_1_minimize   GUA   2   H3'   4.69   4.14   1 0 0 0   -0.0210255   0.05125   0.0990736   0.761992   0.102081   0.0547498   0.00834956   0.016844   0.107348   0   0.019028   0.0119198   0   0.0322239   0   0   0.0114505   0.0147957   0.0426565   0   0   0   0   0   0   0   0   0   0   0   0   0   0   0   0   0   0   0   0   0   0   0   0.0117905   0.04444   0.0272545   0   0   0   0.0173206   0.0172849   0   0   0   0   0   0   0   0   0   0   0   0   0   0   0   0   0   0   0   
0   1L1W_1_minimize   GUA   2   H1'   5.82   5.05   1 0 0 0   -0.0489262   0.769323   0.106078   0.0278883   0.0328812   0.0113264   0   0.00894601   0.011364   0.0306539   0.0535133   0.0153725   0   0.0282141   0.00905777   0.0263699   0.0544153   0.0129456   0.106861   0   0   0   0   0   0   0   0   0   0   0   0   0   0   0   0   0   0   0   0   0   0   0   0   0   0   0   0   0   0   0   0   0   0   0   0   0   0   0   0   0   0   0   0   0   0   0   0   0   0   
0   1L1W_1_minimize   GUA   2   H2'   4.53   4.02   1 0 0 0   -0.0321732   0.0943625   0.78116   0.0952423   0.0274114   0.0105032   0   0   0.0395273   0.0176119   0.0444513   0.0156385   0.0082281   0.0191699   0.00908612   0.0111722   0.0501904   0.0112596   0.0566135   0   0   0   0   0   0   0   0   0   0   0   0   0   0   0   0   0   0   0   0.017689   0   0.00995808   0.0208065   0.0280831   0.0230195   0.041677   0   0.00853605   0.00865895   0.0218748   0.0421314   0.0199322   0   0   0   0   0   0   0   0   0   0   0   0   0   0   0   0   0   0   
0   1L1W_1_minimize   GUA   2   H1   13.1   12.36   1 0 0 0   -0.109691   0   0   0   0   0   0   0   0   0.111928   0.0202189   0.0282732   0.123402   0   0.982285   0.0640381   0.0278607   0.0104086   0   0.0788127   0   0   0   0   0   0   0   0   0.00974543   0   0   0.0096225   0   0.0138597   0   0.00924702   0   0   0   0   0   0   0   0   0   0   0.0203358   0.0180487   0.0118843   0.0103338   0.0126301   0.025736   0.0132535   0   0   0   0   0   0   0   0   0.0591223   0.0654547   0.0275496   0.0205823   0.0253255   0.156698   0.0561202   0.0492395   
0   1L1W_1_minimize   GUA   2   H8   7.42   7.69   1 0 0 0   -0.0865083   0.0520386   0.0414779   0.0398539   0.0269348   0.0268778   0.0177702   0.0221745   0.0138978   0.0101165   0.0465251   0.0429817   0.0106174   0.805262   0   0   0.0258848   0.119074   0.114152   0   0   0   0   0   0   0   0   0   0   0   0   0   0   0   0   0   0   0   0   0   0   0   0   0   0   0   0   0   0   0   0   0   0   0   0   0   0   0   0   0   0   0   0   0   0   0   0   0   0   
0   1L1W_1_minimize   URA   3   H3'   4.53   4.14   0 0 0 1   -0.0403078   0   0   0   0   0.0117181   0.0449308   0.0267807   0   0   0   0   0   0.0140979   0   0   0   0.0112146   0   0   0   0   0   0   0   0   0   0   0   0   0   0   0   0   0   0   0   0   0.0523484   0.100007   0.766705   0.100753   0.049257   0.0162378   0.0601414   0.11114   0.0171676   0.00944458   0.0171577   0.0416482   0.0438046   0.0099424   0   0   0   0   0   0   0   0   0   0   0   0   0   0   0   0   0   
0   1L1W_1_minimize   URA   3   H1'   5.56   5.6   0 0 0 1   -0.0400584   0   0   0   0   0   0   0   0   0.0218705   0   0   0   0   0.0109255   0.0420448   0.0168154   0   0   0   0   0   0   0   0   0   0   0   0   0   0   0   0   0   0   0   0   0   0.799888   0.0922651   0.0274514   0.0321117   0.0111929   0   0.009046   0.0109574   0.0593286   0.0098107   0.012577   0.0311595   0.119552   0.0170214   0   0   0   0   0   0   0   0   0   0   0   0   0   0   0   0   0.012704   
0   1L1W_1_minimize   URA   3   H2'   4.73   4.02   0 0 0 1   -0.0538239   0.0177617   0.00829794   0.0111222   0.0215506   0.0312797   0.0260264   0.0514535   0   0   0.0100876   0.00986672   0   0.0444678   0   0   0   0.0203574   0.0227608   0   0   0   0   0   0   0   0   0   0   0   0   0   0   0   0   0   0   0   0.0930962   0.772779   0.0957243   0.0272153   0.0101427   0   0.00926789   0.0401399   0.0424474   0.00923387   0.0105948   0.0210879   0.0570256   0.0157302   0   0   0   0   0   0   0   0   0   0   0   0   0   0   0   0   0   
0   1L1W_1_minimize   URA   3   H3   13.47   13.15   0 0 0 1   -0.127088   0   0   0   0   0   0   0   0   0.0207203   0.0149089   0.0324247   0.0344642   0.0155762   0.030927   0.010941   0.00889991   0.0239032   0.0120749   0.0311805   0   0   0   0   0   0   0   0   0.0456331   0.0105021   0.0139356   0.0435373   0   0.148219   0.0145202   0.0364831   0   0   0.0107534   0   0   0   0   0   0   0   0.1154   0.114018   0.0277151   0.019169   0.0282621   0.971776   0.0649791   0   0   0   0   0   0   0   0   0.0135816   0.0133617   0   0   0   0.0194835   0.0124053   0.0122676   
0   1L1W_1_minimize   URA   3   H5   5.1   5.95   0 0 0 1   -0.0740628   0.0110348   0.0145176   0.0159406   0   0   0   0   0.00987345   0.012179   0.0248996   0.0261835   0.0165176   0.0205199   0.0123559   0   0.0158948   0.0225537   0.0206871   0.0104605   0   0   0   0   0   0   0   0   0   0   0   0   0   0   0   0   0   0   0.0106838   0   0   0   0   0.0119792   0.0159637   0   0.0174727   0.0931983   0.834116   0.115715   0.0276602   0.0261841   0.0492447   0   0   0   0   0   0   0   0   0   0   0   0   0   0   0   0   
0   1L1W_1_minimize   URA   3   H6   7.69   7.85   0 0 0 1   -0.0627866   0.0147386   0.0352281   0.0253674   0.00879927   0   0   0   0.019603   0.0153858   0.0208118   0.0122271   0.00848611   0.0101018   0.00977438   0.0108841   0.0239465   0.00842568   0.0170339   0   0   0   0   0   0   0   0   0   0   0   0   0   0   0   0   0   0   0   0.0500529   0.0210686   0.0293693   0.0401644   0.0375373   0.0273517   0.092501   0.010546   0.0256067   0.0253782   0.111972   0.808867   0.102995   0.018225   0.0113377   0   0   0   0   0   0   0   0   0   0   0   0   0   0   0   0   
0   1L1W_1_minimize   GUA   4   H3'   4.56   4.14   1 0 0 0   -0.057435   0.0519405   0.0995647   0.76502   0.100362   0.049336   0.0170659   0.0642264   0.111003   0   0.0181835   0.0126161   0   0.0469486   0   0   0.00984738   0.0186796   0.0468728   0   0   0   0   0   0.010946   0.0446174   0.0245954   0   0   0   0   0   0.0109719   0   0   0   0.00832526   0   0   0   0   0   0   0   0   0   0   0   0   0   0   0   0   0   0   0   0   0   0   0   0   0   0   0   0   0   0   0   0   
0   1L1W_1_minimize   GUA   4   H1'   5.75   5.05   1 0 0 0   -0.0693452   0.767306   0.0962302   0.027403   0.0314617   0.010962   0   0.00854113   0.0110322   0.0146715   0.050677   0.0159576   0   0.0263399   0   0.00897641   0.0470438   0.0125774   0.108496   0   0   0   0   0   0   0   0   0   0.00987056   0   0   0   0   0   0   0   0   0   0   0   0   0   0   0   0   0   0   0   0   0   0   0   0   0   0   0   0   0   0   0   0   0   0   0   0   0   0   0   0   
0   1L1W_1_minimize   GUA   4   H2'   4.6   4.02   1 0 0 0   -0.0455493   0.0938784   0.775956   0.0961261   0.0274436   0.010191   0   0.00936634   0.0407409   0.0136503   0.0385806   0.0156422   0   0.0226008   0   0.00844936   0.0343497   0.0126151   0.0577716   0   0.0158516   0   0.0100402   0.0194254   0.0278497   0.0266256   0.0489401   0   0   0.0086528   0.00859331   0   0.0376287   0   0   0   0.0178923   0.0191712   0   0   0   0   0   0   0   0   0   0   0   0   0   0   0   0   0   0   0   0   0   0   0   0   0   0   0   0   0   0   0   
0   1L1W_1_minimize   GUA   4   H1   12.05   12.36   1 0 0 0   -0.110555   0   0   0   0   0   0   0   0   0.112745   0.0204095   0.028333   0.113932   0   0.974752   0.0638662   0.0280616   0.0104114   0   0.0670774   0   0   0   0   0   0   0   0   0.0240246   0.0296521   0.0442679   0.0493141   0.0208261   0.0329408   0.0220299   0.0453032   0.032252   0.0194397   0   0   0   0   0   0   0   0   0   0   0   0   0   0   0   0   0   0   0   0   0   0   0   0.0416306   0.0419524   0.0130761   0.00952523   0.0134503   0.131512   0.0374459   0.0370649   
0   1L1W_1_minimize   GUA   4   H8   7.68   7.69   1 0 0 0   -0.107522   0.039705   0.0199801   0.0293176   0.0328534   0.0321643   0.0262543   0.0839694   0.0108048   0   0.0301347   0.0315876   0.0106435   0.798629   0   0   0.0109296   0.109417   0.0992574   0   0   0   0   0   0   0   0   0   0   0   0   0   0   0   0   0   0   0   0.0146108   0.0336217   0.0223845   0.00812987   0   0   0   0.0174175   0.0197389   0.00854067   0   0.0106528   0.0174069   0.0130435   0   0   0   0   0   0   0   0   0   0   0   0   0   0   0   0   0   
0   1L1W_1_minimize   ADE   5   H3'   4.54   4.14   0 1 0 0   -0.020538   0   0   0   0   0   0   0   0   0   0   0   0   0   0   0   0   0   0   0   0.0488663   0.0988895   0.764558   0.100513   0.0498078   0.0166127   0.0611131   0.108925   0   0.0157059   0.0104399   0   0.03455   0   0.0091221   0   0.0144305   0.0386986   0   0   0   0   0   0   0   0   0   0   0   0   0   0   0   0   0   0   0   0.0120296   0.0441878   0.0289799   0   0   0   0.0184838   0.0189108   0.00802566   0   0   0   
0   1L1W_1_minimize   ADE   5   H1'   5.95   5.03   0 1 0 0   -0.060663   0   0   0   0   0   0   0   0   0.00914413   0   0   0   0   0   0.0127655   0.00909812   0   0   0   0.770146   0.0968358   0.0277832   0.0334901   0.0112645   0   0.00865452   0.0114929   0.0139486   0.0489395   0.0159133   0   0.0267463   0   0.0429794   0   0.012737   0.107734   0   0   0   0   0   0   0   0   0   0   0   0   0   0   0   0   0   0   0   0   0   0   0   0   0   0   0   0   0   0   0   
0   1L1W_1_minimize   ADE   5   H2'   4.48   4.02   0 1 0 0   -0.027914   0   0   0   0   0   0   0   0   0   0   0   0   0   0   0   0   0   0   0   0.0947901   0.781577   0.0970755   0.0278466   0.0103406   0   0.00943697   0.0403174   0.0139596   0.0395125   0.0154651   0.00809116   0.0222971   0   0.0358892   0   0.0123036   0.0593385   0   0   0   0   0   0   0   0   0   0   0   0   0   0   0   0.0210833   0.00920015   0.0116511   0.0249676   0.0328494   0.0254073   0.0520571   0   0.00970921   0.00951703   0.022798   0.0480181   0.0240423   0   0   0   
0   1L1W_1_minimize   ADE   5   H2   8.1   8.68   0 1 0 0   -0.132071   0   0   0   0   0   0   0   0   0   0   0   0   0   0   0   0   0   0   0   0   0   0   0   0   0   0   0   0.795489   0.0297029   0.0186566   0.0285013   0   0.115508   0.115116   0.0121558   0   0.0110922   0   0   0   0   0   0   0   0   0   0   0   0   0   0   0   0.0255892   0   0   0   0   0   0   0   0.0283687   0   0   0.0102886   0.0255338   0.011044   0   0.0449875   
0   1L1W_1_minimize   ADE   5   H8   8.02   8.6   0 1 0 0   -0.130972   0.0139941   0.0301216   0.0185251   0   0   0   0   0.0144152   0.0136821   0.0205517   0.0136165   0.00935859   0.0114432   0.00977388   0.00904978   0.0203219   0.00992154   0.0171844   0   0.0393529   0.0186844   0.0238019   0.0275557   0.0250009   0.0209824   0.0585524   0.00897378   0   0.0299394   0.0314994   0.0106117   0.795275   0   0.0108204   0   0.109554   0.0983196   0   0   0   0   0   0   0   0   0   0   0   0   0   0   0   0   0   0   0   0   0   0   0   0   0   0.0125175   0.00868601   0   0   0   0   
0   1L1W_1_minimize   CYT   6   H3'   4.32   4.14   0 0 1 0   -0.0100144   0   0   0   0   0   0   0   0   0   0   0   0   0   0   0   0   0   0   0   0   0   0   0   0   0   0   0   0   0   0   0   0   0   0   0   0   0   0   0   0   0   0   0   0   0   0   0   0   0   0   0   0   0.0489577   0.0994609   0.764583   0.1001   0.0610253   0.0598011   0.0856292   0.110445   0.0156006   0.00908129   0.0316226   0.0564439   0.0394658   0.00902458   0   0.0103724   
0   1L1W_1_minimize   CYT   6   H1'   5.56   5.28   0 0 1 0   -0.0529421   0   0   0   0   0   0   0   0   0   0   0   0   0   0   0   0   0   0   0   0   0   0   0   0   0   0   0   0.0229262   0.00987562   0   0   0   0.0128337   0.019111   0   0   0   0   0   0   0   0   0   0   0   0   0   0   0   0   0   0   0.76759   0.0972913   0.0277016   0.0329206   0.0111919   0   0.00881251   0.0113945   0.0541955   0.00972142   0.0112858   0.0272527   0.104532   0.0160552   0   0.0630647   
0   1L1W_1_minimize   CYT   6   H2'   4.46   4.02   0 0 1 0   -0.0240096   0   0   0   0   0   0   0   0   0   0   0   0   0   0   0   0   0   0   0   0   0   0   0   0   0   0   0   0   0   0   0   0   0   0   0   0   0   0   0   0   0   0   0   0   0   0   0   0   0   0   0   0   0.113628   0.79049   0.10796   0.0503671   0.0415492   0.0260212   0.0624942   0.0400005   0.0502242   0.0197059   0.0347265   0.0681619   0.0800273   0.0155948   0   0.0435302   
0   1L1W_1_minimize   CYT   6   H5   5.31   6.2   0 0 1 0   -0.09251   0   0   0   0   0   0   0   0   0   0   0   0   0   0   0   0   0   0   0   0.0103471   0.0132621   0.0149935   0   0   0   0.00932606   0.00925535   0   0.0177629   0.0208403   0.011809   0.0259117   0   0.00992979   0.00829195   0.0264166   0.0192493   0   0   0   0   0   0   0   0   0   0   0   0   0   0   0   0.0100181   0   0   0   0   0.0110988   0.0147619   0   0.0170856   0.0992432   0.803148   0.106037   0.0261366   0.0250842   0.0613322   0   
0   1L1W_1_minimize   CYT   6   H6   7.76   7.8   0 0 1 0   -0.0555643   0   0   0   0   0   0   0   0   0   0   0   0   0   0   0   0   0   0   0   0.0153916   0.0358576   0.0257197   0.00900931   0   0   0   0.0190871   0.0105547   0.0189401   0.0125015   0.00807671   0.0129471   0   0.0166306   0   0.0102103   0.0187123   0   0   0   0   0   0   0   0   0   0   0   0   0   0   0   0.0481332   0.0225454   0.0316208   0.0398562   0.0368369   0.0277958   0.0967123   0.0110798   0.0256025   0.0263021   0.11906   0.805934   0.102327   0.0178114   0.0110739   0.0115491   
0   1L1W_1_minimize   CYT   7   H3'   4.45   4.14   0 0 1 0   -0.00891006   0   0   0   0   0   0   0   0   0   0   0   0   0   0   0   0   0   0   0   0   0   0   0   0   0   0   0   0   0   0   0   0   0   0   0   0   0   0   0   0   0   0.012652   0.0435198   0.0310399   0   0   0   0.0165769   0.0184788   0.00827414   0   0   0.0482034   0.098986   0.767194   0.100782   0.0501241   0.0165114   0.0597723   0.109835   0.014875   0.00857531   0.0160203   0.0413849   0.0381931   0.00850758   0   0.0100488   
0   1L1W_1_minimize   CYT   7   H1'   5.65   5.28   0 0 1 0   -0.0379099   0   0   0   0   0   0   0   0   0   0   0   0   0   0   0   0   0   0   0   0   0   0   0   0   0   0   0   0.0108744   0   0   0   0   0.0115702   0   0   0   0   0   0   0   0   0   0   0   0   0   0   0   0   0   0   0   0.767368   0.0972595   0.0276674   0.0330085   0.0111855   0   0.00874371   0.0114594   0.0631834   0.0098758   0.0113173   0.0269841   0.104662   0.0163966   0   0.076748   
0   1L1W_1_minimize   CYT   7   H2'   4.5   4.02   0 0 1 0   -0.0231588   0   0   0   0   0   0   0   0   0   0   0   0   0   0   0   0   0   0   0   0   0   0   0   0   0   0   0   0   0   0   0   0   0   0   0   0   0   0.0234191   0.010023   0.0128126   0.0299331   0.0381317   0.0261582   0.0590053   0   0.00940567   0.00812218   0.0184253   0.039967   0.0234444   0   0   0.094951   0.779393   0.0972842   0.0277994   0.0103645   0   0.00948031   0.0399819   0.0395251   0.00964837   0.0112498   0.023761   0.058449   0.0149792   0   0.0421059   
0   1L1W_1_minimize   CYT   7   H5   5.59   6.2   0 0 1 0   -0.0755438   0   0   0   0   0   0   0   0   0   0   0   0   0   0   0   0   0   0   0   0   0   0   0   0   0   0   0   0   0   0   0   0   0   0   0   0   0   0   0   0   0   0   0   0   0   0   0.0142278   0.0153839   0.00835779   0   0   0.0171638   0.0200192   0.0130602   0.0131505   0   0   0.0103323   0.0141379   0.00838845   0.0358369   0.113258   0.815627   0.127665   0.0450608   0.0454441   0.0631668   0.0113294   
0   1L1W_1_minimize   CYT   7   H6   7.66   7.8   0 0 1 0   -0.0501193   0   0   0   0   0   0   0   0   0   0   0   0   0   0   0   0   0   0   0   0   0   0   0   0   0   0   0   0   0   0   0   0   0   0   0   0   0   0   0   0   0   0   0   0   0   0   0   0.0125158   0.00976062   0   0   0   0.0616255   0.0549918   0.0553812   0.0401587   0.0362907   0.0266528   0.0953585   0.0286926   0.0422998   0.0343096   0.108709   0.812033   0.117966   0.0290944   0.0110046   0.0277115   
0   1L1W_1_minimize   URA   8   H3'   4.59   4.14   0 0 0 1   -0.00818154   0   0   0   0   0   0   0   0   0   0   0   0   0   0   0   0   0   0   0   0   0   0   0   0   0   0   0   0   0   0   0   0   0   0   0   0   0   0.0481821   0.0991684   0.766323   0.100377   0.0497506   0.0153965   0.0553911   0.110674   0.0142163   0.00800972   0.0153766   0.0386257   0.0359617   0.00822507   0   0   0   0   0   0.00868835   0.0437966   0.0241372   0   0   0   0.0119395   0.012588   0   0   0   0   
0   1L1W_1_minimize   URA   8   H1'   5.61   5.6   0 0 0 1   -0.0408832   0   0   0   0   0   0   0   0   0.0166011   0   0   0   0   0.0116153   0.0304163   0.00980567   0   0   0   0   0   0   0   0   0   0   0   0   0   0   0   0   0   0   0   0   0   0.768262   0.0980599   0.0282882   0.0346909   0.0114834   0   0.00896572   0.0116637   0.05418   0.00906456   0.0111902   0.0270021   0.103866   0.0158742   0   0   0   0   0   0   0   0   0   0.0127259   0   0   0   0   0.0101736   0   0.0219487   
0   1L1W_1_minimize   URA   8   H2'   4.12   4.02   0 0 0 1   -0.0255951   0   0   0   0   0   0   0   0   0   0   0   0   0   0   0   0   0   0   0   0   0   0   0   0   0   0   0   0   0   0   0   0   0   0   0   0   0   0.0949787   0.783223   0.0963749   0.0277059   0.0103167   0   0.00924903   0.0391117   0.039756   0.00937256   0.011517   0.0240864   0.0585549   0.0150488   0   0.0190582   0   0.00834871   0.0152424   0.0163988   0.0255561   0.0455241   0   0.0108248   0.0123414   0.0303439   0.0546741   0.0254535   0.00869395   0   0   
0   1L1W_1_minimize   URA   8   H3   11.94   13.15   0 0 0 1   -0.107007   0   0   0   0   0   0   0   0   0.0232852   0   0.0242881   0.0661656   0   0.0668319   0.00876659   0   0   0   0.173264   0   0   0   0   0   0   0   0   0   0   0   0   0   0   0   0   0   0   0.0105671   0   0   0   0   0   0   0   0.11229   0.116378   0.0277388   0.0191256   0.0279042   0.968839   0.0671926   0   0   0   0   0   0   0   0   0.0112634   0.0429936   0.0186544   0.0110055   0.00922365   0.0341268   0.0517271   0   
0   1L1W_1_minimize   URA   8   H5   5.73   5.95   0 0 0 1   -0.0582928   0   0   0   0   0   0   0   0   0   0   0   0   0   0   0   0   0   0   0   0   0   0   0   0   0   0   0   0   0   0   0   0   0   0   0   0   0   0.0100441   0   0   0   0   0.00951322   0.0129854   0   0.0170047   0.0945553   0.79417   0.106001   0.0261178   0.0259362   0.0511283   0.00849897   0.0106014   0.0122663   0   0   0   0.00865788   0   0.0130492   0.0181072   0.024909   0.0225897   0.0155479   0.013835   0.0196452   0   
0   1L1W_1_minimize   URA   8   H6   7.95   7.85   0 0 0 1   -0.0422673   0   0   0   0   0   0   0   0   0   0   0   0   0   0   0   0   0   0   0   0   0   0   0   0   0   0   0   0   0   0   0   0   0   0   0   0   0   0.0486753   0.0235103   0.0319486   0.0373658   0.0324685   0.0251546   0.0835701   0.0111286   0.025603   0.0251713   0.109251   0.800017   0.102279   0.0181435   0.0112163   0.0140508   0.0298519   0.0231806   0.00844019   0   0   0   0.016829   0.0174986   0.00954345   0.0102367   0.0139952   0.0181523   0.0121418   0   0.0151564   
0   1L1W_1_minimize   CYT   9   H3'   4.55   4.14   0 0 1 0   -0.010036   0   0   0   0   0   0   0   0   0   0   0   0   0   0   0   0   0   0   0   0   0   0   0   0   0   0   0   0   0   0   0   0   0   0   0   0   0   0   0   0   0   0   0   0   0   0   0   0   0   0   0   0   0.0494922   0.099304   0.765132   0.100378   0.0617518   0.0549461   0.0588962   0.11061   0.0170656   0.00894307   0.0302252   0.0535614   0.0403141   0.00939742   0   0.0119617   
0   1L1W_1_minimize   CYT   9   H1'   5.53   5.28   0 0 1 0   -0.0384547   0   0   0   0   0   0   0   0   0.0160796   0   0   0   0   0.0119491   0.0305507   0.00908409   0   0   0   0   0   0   0   0   0   0   0   0   0   0   0   0   0   0   0   0   0   0   0.00857799   0   0   0   0   0   0   0   0   0   0   0   0   0   0.767796   0.0976636   0.0277479   0.0330331   0.0112462   0   0.010152   0.0113606   0.0511061   0.00984741   0.0115521   0.0280093   0.103995   0.0158473   0   0.0545967   
0   1L1W_1_minimize   CYT   9   H2'   4.36   4.02   0 0 1 0   -0.0269604   0   0   0   0   0   0   0   0   0   0   0   0   0   0   0.008136   0   0   0   0   0   0   0   0   0   0   0   0   0   0   0   0   0   0   0   0   0   0   0   0   0   0   0   0   0   0   0   0   0   0   0   0   0   0.113842   0.790431   0.107742   0.0512406   0.0422053   0.0256003   0.0521637   0.0402329   0.0546128   0.0182706   0.0316822   0.0644806   0.0784234   0.0161406   0   0.0589256   
0   1L1W_1_minimize   CYT   9   H5   5.68   6.2   0 0 1 0   -0.0575444   0   0   0   0   0   0   0   0   0   0   0   0   0   0   0   0   0   0   0   0   0   0   0   0   0   0   0   0   0   0   0   0   0   0   0   0   0   0.0099676   0.0138618   0.0112714   0   0   0   0   0   0.0201534   0.0190335   0.0181037   0.0175798   0.0178681   0.020515   0.0122206   0.0100435   0   0   0   0   0.00919625   0.0130005   0   0.0171449   0.0906259   0.804205   0.10595   0.0261882   0.0250757   0.0594217   0   
0   1L1W_1_minimize   CYT   9   H6   7.98   7.8   0 0 1 0   -0.0411856   0   0   0   0   0   0   0   0   0   0   0   0   0   0   0   0   0   0   0   0   0   0   0   0   0   0   0   0   0   0   0   0   0   0   0   0   0   0.012359   0.0308037   0.0189728   0   0   0   0   0.0162757   0.0135497   0   0   0.00871447   0.0128828   0.00874988   0   0.0484601   0.0212115   0.0286289   0.0382476   0.0355992   0.0257568   0.0903506   0.0102631   0.0256936   0.0261711   0.117495   0.799831   0.102582   0.0177552   0.0110246   0.011626   
0   1L1W_1_minimize   CYT   10   H3'   4.42   4.14   0 0 1 0   -0.0156063   0   0   0   0   0   0   0   0   0   0   0   0   0   0   0   0   0   0   0   0   0   0   0   0   0   0   0   0   0   0   0   0   0   0   0   0   0   0   0   0   0   0   0   0   0   0   0   0   0   0   0   0   0.0494766   0.0992046   0.766851   0.10044   0.0612581   0.0586347   0.086515   0.110065   0.0164164   0.00865485   0.0271926   0.0502188   0.039197   0.00907417   0   0.0115227   
0   1L1W_1_minimize   CYT   10   H1'   5.45   5.28   0 0 1 0   -0.040364   0   0   0   0   0   0   0   0   0.0186783   0   0   0   0   0.0100605   0.0435801   0.0125447   0   0   0   0   0   0   0   0   0   0   0   0   0   0   0   0   0   0   0   0   0   0   0   0   0   0   0   0   0   0   0   0   0   0   0   0   0.768186   0.0972762   0.0278863   0.0335929   0.0112826   0   0.00885176   0.0114311   0.060844   0.00987844   0.0115716   0.0279892   0.104407   0.0159616   0   0.0732755   
0   1L1W_1_minimize   CYT   10   H2'   4.35   4.02   0 0 1 0   -0.0341919   0   0   0   0   0   0   0   0   0   0   0   0   0   0   0.00819315   0   0   0   0   0   0   0   0   0   0   0   0   0   0   0   0   0   0   0   0   0   0   0   0   0   0   0   0   0   0   0   0   0   0   0   0   0   0.111283   0.788713   0.107401   0.0505   0.0453045   0.0273124   0.0713725   0.0400962   0.0453371   0.00961009   0.0291704   0.0578602   0.0764359   0.0160507   0   0.0564022   
0   1L1W_1_minimize   CYT   10   H5   5.5   6.2   0 0 1 0   -0.0745628   0   0   0   0   0   0   0   0   0   0   0   0   0   0   0   0   0   0   0   0   0   0   0   0   0   0   0   0   0   0   0   0   0   0   0   0   0   0   0   0   0   0   0   0   0   0   0   0   0   0   0   0   0.0204393   0.0127047   0.0128635   0   0   0.00943548   0.0129025   0   0.0408369   0.116949   0.827096   0.129082   0.0473655   0.0509997   0.0736877   0.0145709   
0   1L1W_1_minimize   CYT   10   H6   7.82   7.8   0 0 1 0   -0.053015   0   0   0   0   0   0   0   0   0   0   0   0   0   0   0.00912756   0   0   0   0   0   0   0   0   0   0   0   0   0   0   0   0   0   0   0   0   0   0   0   0   0   0   0   0   0   0   0   0   0   0   0   0   0   0.0636296   0.0560542   0.0516587   0.0449302   0.0326508   0.02456   0.0801625   0.027398   0.049392   0.0355429   0.125604   0.810852   0.121504   0.0324299   0.0110305   0.0377812   
0   1L1W_1_minimize   CYT   11   H5'   4.47   3.78   0 0 1 0   -0.014231   0   0   0   0   0   0   0   0   0   0   0   0   0   0   0   0   0   0   0   0   0   0   0   0   0   0   0   0   0   0   0   0   0   0   0   0   0   0   0   0   0   0   0   0   0   0   0   0   0   0   0   0   0.0266096   0.0466208   0.0428152   0.109349   0.770185   0.0353927   0.113199   0.042512   0   0   0   0.0105607   0.00916147   0   0   0.00915791   
0   1L1W_1_minimize   CYT   11   H5''   4.1   3.58   0 0 1 0   -0.0117327   0   0   0   0   0   0.0140589   0   0   0   0   0   0   0   0   0   0   0   0   0   0   0   0   0   0   0   0   0   0   0   0   0   0   0   0   0   0   0   0   0   0   0   0   0   0   0   0   0   0   0   0   0   0   0.0115084   0.02448   0.0508599   0.0976489   0.778317   0.044214   0.114648   0.0518908   0   0   0   0   0   0   0   0   
0   1L1W_1_minimize   CYT   11   H4'   4.4   4   0 0 1 0   -0.0248261   0   0   0   0   0   0.0139871   0.00826931   0   0   0   0   0   0   0   0   0   0   0   0   0   0   0   0   0   0   0   0   0   0   0   0   0   0   0   0   0   0   0   0   0   0   0   0   0   0   0   0   0   0   0   0   0   0.0475755   0.0559942   0.109223   0.776672   0.0967384   0.00901797   0.0262447   0.060408   0   0   0   0.0106198   0.0146883   0   0   0   
0   1L1W_1_minimize   CYT   11   H3'   4.57   4.14   0 0 1 0   -0.033784   0.0116383   0   0   0.0121727   0.0111697   0.0466762   0.0169664   0   0   0   0   0   0.0124088   0   0   0   0   0.00919263   0   0   0   0   0   0   0   0   0   0   0   0   0   0   0   0   0   0   0   0   0   0   0   0   0   0   0   0   0   0   0   0   0   0   0.0466137   0.100166   0.767003   0.0980965   0.0463197   0.0167453   0.055131   0.108844   0.0137973   0   0.0143689   0.0355197   0.0341476   0   0   0.00951963   
0   1L1W_1_minimize   CYT   11   H1'   5.47   5.28   0 0 1 0   -0.0485879   0.00918125   0   0   0   0   0   0   0   0.0162612   0   0   0   0   0.0092438   0.0328435   0.0113817   0   0   0   0   0   0   0   0   0   0   0   0   0   0   0   0   0   0   0   0   0   0   0   0   0   0   0   0   0   0   0   0   0   0   0   0   0.776123   0.0992583   0.0281925   0.0351023   0.011672   0   0.0088199   0.0120014   0.0638268   0.00979646   0.011253   0.0269659   0.105308   0.016366   0   0.0803294   
0   1L1W_1_minimize   CYT   11   H2'   4.48   4.02   0 0 1 0   -0.0451287   0.058847   0.0179495   0.0146419   0.0399162   0.017912   0.0212907   0.0196227   0.00808475   0   0.00987911   0   0   0.0199588   0   0   0   0.0084818   0.0250479   0   0   0   0   0   0   0   0   0   0   0   0   0   0   0   0   0   0   0   0   0   0   0   0   0   0   0   0   0   0   0   0   0   0   0.0984656   0.790783   0.0958206   0.028265   0.0102943   0   0.00942448   0.0401493   0.0417171   0.0103082   0.0118622   0.024856   0.0613869   0.0159934   0   0.0424401   
0   1L1W_1_minimize   CYT   11   H5   5.45   6.2   0 0 1 0   -0.0822799   0   0   0   0   0   0   0   0   0   0   0   0   0.0130311   0   0   0   0.0135685   0   0   0   0   0   0   0   0   0   0   0   0   0   0   0   0   0   0   0   0   0   0   0   0   0   0   0   0   0   0   0   0   0   0   0   0.0190187   0.010943   0.0105936   0   0   0.00804335   0.0115816   0   0.0381538   0.115419   0.81488   0.12538   0.0442237   0.0495092   0.0644379   0.0132235   
0   1L1W_1_minimize   CYT   11   H6   7.78   7.8   0 0 1 0   -0.0574367   0   0   0   0   0   0   0   0   0   0   0   0   0.0102437   0   0.00859287   0   0   0   0   0   0   0   0   0   0   0   0   0   0   0   0   0   0   0   0   0   0   0   0   0   0   0   0   0   0   0   0   0   0   0   0   0   0.0611598   0.05142   0.0494085   0.0352469   0.0301835   0.0219191   0.0719313   0.0249604   0.0470679   0.0353003   0.116615   0.812162   0.119438   0.0319249   0.0109459   0.0346184   
0   1L1W_1_minimize   GUA   12   H5'   4.19   3.78   1 0 0 0   -0.0317912   0.0120084   0.0143371   0.0527082   0.101998   0.783945   0.0531399   0.134691   0.0425105   0   0   0   0   0   0   0   0   0   0   0   0   0   0   0   0   0   0   0   0   0   0   0   0   0   0   0   0   0   0   0   0   0   0   0   0   0   0   0   0   0   0   0   0   0   0   0   0   0   0   0   0.0110614   0   0   0   0   0   0   0   0   
0   1L1W_1_minimize   GUA   12   H4'   4.12   4   1 0 0 0   -0.0600375   0.0546593   0.0475892   0.0994899   0.766771   0.0988898   0.0364179   0.0595146   0.0566299   0   0   0   0   0.00891355   0   0   0   0   0.0148686   0   0   0   0   0   0   0   0   0   0   0   0   0   0   0   0   0   0   0   0   0   0   0   0   0   0   0   0   0   0   0   0   0   0   0.0104264   0.0303265   0.0161378   0   0   0   0   0.0202733   0   0   0   0   0   0   0   0.0103674   
0   1L1W_1_minimize   GUA   12   H3'   4.45   4.14   1 0 0 0   -0.0367711   0.0499746   0.100793   0.780558   0.118321   0.0808394   0.0478422   0.0542595   0.108002   0   0.0117328   0   0   0.0381628   0   0   0.0101715   0.0144773   0.0327254   0   0   0   0   0   0   0   0   0   0   0   0   0   0   0   0   0   0   0   0   0   0   0   0   0   0   0   0   0   0   0   0   0   0   0   0   0   0   0   0   0   0   0   0   0   0   0   0   0   0   
0   1L1W_1_minimize   GUA   12   H1'   5.69   5.05   1 0 0 0   -0.0558092   0.76223   0.0933406   0.0328294   0.0486939   0.0138902   0   0.00983734   0.0149674   0.0181575   0.0337634   0.0138131   0   0.034132   0.00944697   0.0162722   0.0227531   0.0137437   0.10349   0   0   0   0   0   0   0   0   0   0   0   0   0   0   0   0   0   0   0   0   0   0   0   0   0   0   0   0   0   0   0   0   0   0   0.021487   0.037948   0.0138388   0   0   0   0   0.0093618   0.0450102   0.011304   0.0087709   0.0120822   0.0256592   0.023071   0   0.0736231   
0   1L1W_1_minimize   GUA   12   H2'   4.62   4.02   1 0 0 0   -0.0852253   0.118079   0.775756   0.0989773   0.0426443   0.0242891   0.0142188   0.0187791   0.0345655   0.0221738   0.0681488   0.0281939   0.00947674   0.0541447   0.010746   0.0214331   0.0712563   0.0293698   0.0877677   0   0   0   0   0   0   0   0   0   0   0   0   0   0   0   0   0   0   0   0   0   0   0   0   0   0   0   0   0   0   0   0   0   0   0   0   0   0   0   0   0   0   0   0   0   0   0   0   0   0   
0   1L1W_1_minimize   GUA   12   H1   12.25   12.36   1 0 0 0   -0.120923   0   0   0   0   0   0   0   0   0.141847   0.0484777   0.0612706   0.147   0.0110213   0.996746   0.0803408   0.0565762   0.0281365   0.0186198   0.0972713   0   0   0   0   0   0   0   0   0   0   0   0   0   0   0   0   0   0   0   0   0   0   0   0   0   0   0   0   0   0   0   0   0   0   0   0   0   0   0   0   0   0.0436084   0.0433792   0.0134269   0.00979035   0.0138923   0.14084   0.0372321   0.0385125   
0   1L1W_1_minimize   GUA   12   H8   7.48   7.69   1 0 0 0   -0.0849913   0.0429317   0.013568   0.00982411   0.0151533   0.00998562   0.00968879   0   0   0   0.0302837   0.0317841   0.0107185   0.817043   0   0   0.0108957   0.121922   0.101748   0   0   0   0   0   0   0   0   0   0   0   0   0   0   0   0   0   0   0   0   0   0   0   0   0   0   0   0   0   0   0   0   0   0   0.0107572   0.0147158   0.0134904   0   0   0   0   0.00846029   0.0183666   0.020506   0.0230259   0.0227146   0.0195647   0.0185818   0.0125284   0.0113822   
0   1L1W_1_minimize   GUA   13   H4'   4.45   4   1 0 0 0   -0.0831503   0.044233   0.049665   0.0988105   0.764575   0.0991559   0.027048   0.0508156   0.0574845   0   0   0   0   0.0099833   0   0   0   0   0.014426   0   0   0   0   0   0   0   0   0   0   0   0   0   0   0   0   0   0   0   0   0   0   0   0   0   0   0   0   0   0   0   0   0   0   0   0   0   0   0   0   0   0   0   0   0   0   0   0   0   0   
0   1L1W_1_minimize   GUA   13   H3'   4.59   4.14   1 0 0 0   -0.0480748   0.049242   0.0993259   0.768253   0.101887   0.0628638   0.0481394   0.0434574   0.109243   0   0.0158595   0.0114104   0   0.0366445   0   0   0.00879439   0.0161965   0.0383997   0   0   0   0   0   0   0   0   0   0   0   0   0   0   0   0   0   0   0   0   0   0   0   0   0   0   0   0   0   0   0   0   0   0   0   0   0   0   0   0   0   0   0   0   0   0   0   0   0   0   
0   1L1W_1_minimize   GUA   13   H1'   5.61   5.05   1 0 0 0   -0.104667   0.769953   0.092466   0.0279814   0.0351767   0.0118828   0   0.0096273   0.0114184   0.0285463   0.0528057   0.0231118   0.0153404   0.0265185   0.0187707   0.0181419   0.0523392   0.012216   0.104032   0.0421805   0   0   0   0   0   0   0   0   0   0   0   0   0   0   0   0   0.0121675   0   0   0   0   0   0   0   0   0   0   0   0   0   0   0   0   0   0   0   0   0   0   0   0   0   0   0   0   0   0   0   0   
0   1L1W_1_minimize   GUA   13   H2'   4.34   4.02   1 0 0 0   -0.0862982   0.100954   0.787179   0.104764   0.0274468   0.0189096   0.0167952   0.0209525   0.0384038   0.0137266   0.040121   0.0170784   0.0086273   0.0357543   0.00842739   0.00817006   0.0331174   0.0134425   0.0683773   0.010151   0   0   0   0   0   0   0   0   0   0   0.00991316   0   0.0188509   0   0   0   0.0265419   0   0   0   0   0   0   0   0   0   0   0   0   0   0   0   0   0   0   0   0   0   0   0   0   0   0   0   0   0   0   0   0   
0   1L1W_1_minimize   GUA   13   H8   7.24   7.69   1 0 0 0   -0.138568   0.0561348   0.0445966   0.0532166   0.0420772   0.0376372   0.0112641   0.0184309   0.0225894   0.00820811   0.0455093   0.0423238   0.0106707   0.808862   0   0   0.023766   0.1193   0.115952   0   0   0   0   0   0   0   0   0   0   0   0   0   0   0   0   0   0   0   0   0   0   0   0   0   0   0   0   0   0   0   0   0   0   0   0   0   0   0   0   0   0   0   0   0   0   0   0   0   0   
0   1L1W_1_minimize   GUA   14   H5'   4.1   3.78   1 0 0 0   -0.0203338   0.0187299   0.0160707   0.0234305   0.103092   0.767268   0.0482657   0.114478   0.0246271   0   0   0   0   0.0151112   0   0   0   0   0.0128778   0   0   0   0   0   0   0   0   0   0   0   0   0   0   0   0   0   0   0   0   0   0   0   0   0   0   0   0   0   0   0   0   0   0   0   0   0   0   0   0   0   0   0   0   0   0   0   0   0   0   
0   1L1W_1_minimize   GUA   14   H5''   4.2   3.58   1 0 0 0   -0.0367619   0.0135123   0.018953   0.0416724   0.0990803   0.769794   0.0344523   0.113726   0.0275206   0   0   0   0   0.00812114   0   0   0   0   0   0   0   0   0   0   0   0   0   0   0   0   0   0   0   0   0   0   0   0   0   0   0   0   0   0   0   0   0   0   0   0   0   0   0   0   0   0   0   0   0   0   0   0   0   0   0   0   0   0   0   
0   1L1W_1_minimize   GUA   14   H4'   4.29   4   1 0 0 0   -0.0201134   0.0325849   0.028404   0.0984226   0.767858   0.103711   0.00936304   0.026022   0.0668888   0   0   0   0   0.00872753   0   0   0   0   0.0122633   0   0   0   0   0   0   0.0148288   0.00853904   0   0   0   0   0   0   0   0   0   0   0   0   0   0   0   0   0   0   0   0   0   0   0   0   0   0   0   0   0   0   0   0   0   0   0   0   0   0   0   0   0   0   
0   1L1W_1_minimize   GUA   14   H3'   4.57   4.14   1 0 0 0   -0.047472   0.0274371   0.0975872   0.773072   0.0934275   0.0501943   0.0105056   0.0358713   0.109027   0   0   0   0   0   0   0   0   0   0.0109132   0   0   0   0   0   0   0.0367777   0.0188432   0   0   0   0   0   0   0   0   0   0   0   0   0   0   0   0   0   0   0   0   0   0   0   0   0   0   0   0   0   0   0   0   0   0   0   0   0   0   0   0   0   0   
0   1L1W_1_minimize   GUA   14   H1'   5.56   5.05   1 0 0 0   -0.0776454   0.767917   0.102989   0.0477981   0.039599   0.0135302   0   0.0118821   0.0466997   0.0157462   0.052785   0.0159428   0   0.0247379   0.00810348   0.00968777   0.0529733   0.012171   0.104339   0   0.00930211   0   0   0.0123568   0.0267803   0.0215161   0.0346631   0   0   0.00856131   0   0   0.0108411   0   0   0   0.00877867   0.0110393   0   0   0   0   0   0   0   0   0   0   0   0   0   0   0   0   0   0   0   0   0   0   0   0   0   0   0   0   0   0   0   
0   1L1W_1_minimize   GUA   14   H2'   4.72   4.02   1 0 0 0   -0.041607   0.0968286   0.794257   0.114391   0.0505187   0.0394461   0.0211904   0.0847693   0.0450475   0   0.017164   0.0102445   0   0.0388736   0   0   0.0099355   0.0139616   0.0530662   0   0   0   0   0   0   0.0131071   0.0152466   0   0   0   0.0098167   0   0.0209825   0   0   0   0.0196328   0.0109546   0   0   0   0   0   0   0   0   0   0   0   0   0   0   0   0   0   0   0   0   0   0   0   0   0   0   0   0   0   0   0   
0   1L1W_1_minimize   GUA   14   H8   7.81   7.69   1 0 0 0   -0.0843814   0.0405341   0.0457213   0.0341031   0.0306132   0.0297106   0.0547104   0.0781876   0.0592202   0   0.0299343   0.031529   0.0106299   0.796089   0   0   0.0108436   0.10961   0.0986883   0   0   0   0   0   0   0   0   0   0   0   0.00825123   0   0   0   0   0   0.0114518   0   0   0   0   0   0   0   0   0   0   0   0   0   0   0   0   0   0   0   0   0   0   0   0   0   0   0   0   0   0   0   0   
0   1L1W_1_minimize   ADE   15   H5'   4.11   3.78   0 1 0 0   -0.060673   0.0200877   0.0159093   0.0121655   0   0   0   0   0.0220924   0.0105112   0.0111236   0   0   0   0   0.0108002   0.0206885   0   0.0109216   0   0.0192231   0.0165267   0.0234636   0.100155   0.767066   0.0313999   0.112623   0.0106622   0   0.00808302   0   0   0.00814914   0   0   0   0   0.0123101   0   0   0   0   0   0   0   0   0   0   0   0   0   0   0   0   0   0   0   0   0   0   0   0   0   0   0   0   0   0   0   
0   1L1W_1_minimize   ADE   15   H5''   4.41   3.58   0 1 0 0   -0.0383349   0   0.00837145   0.00840082   0   0   0   0   0.0179513   0   0   0   0   0   0   0   0   0   0   0   0.0125724   0.0162631   0.0376784   0.0991415   0.766975   0.0483793   0.115267   0.0162406   0   0   0   0   0   0   0   0   0   0   0   0   0   0   0   0   0   0   0   0   0   0   0   0   0   0   0   0   0   0   0   0   0   0   0   0   0   0   0   0   0   
0   1L1W_1_minimize   ADE   15   H4'   4.42   4   0 1 0 0   -0.034957   0   0   0   0   0   0.0149335   0.0112509   0   0   0   0   0   0   0   0   0   0   0   0   0.0350929   0.0285033   0.096428   0.767514   0.102462   0.00975284   0.0269501   0.066697   0   0   0   0   0   0   0.00802746   0   0   0.0123941   0   0   0   0   0   0   0   0   0   0   0   0   0   0   0   0   0   0   0   0   0   0   0   0   0   0   0   0   0   0   0   
0   1L1W_1_minimize   ADE   15   H3'   4.72   4.14   0 1 0 0   -0.0582142   0   0   0   0   0   0.0318615   0.013368   0   0   0   0   0   0   0   0   0   0   0   0   0.0278496   0.0970945   0.780322   0.0936497   0.0524593   0.0210607   0.0521651   0.113219   0   0   0   0   0   0   0   0   0   0.010673   0   0   0   0   0   0   0   0   0   0   0   0   0   0   0   0   0   0   0   0   0   0   0   0   0   0   0   0   0   0   0   
0   1L1W_1_minimize   ADE   15   H1'   5.9   5.03   0 1 0 0   -0.0689718   0.0209974   0.00848149   0.00944603   0.0202247   0.0227942   0.0312822   0.071219   0   0   0.0100388   0.00872835   0   0.0274715   0   0   0   0.0140278   0.0216559   0   0.784511   0.10129   0.0511059   0.0430339   0.013537   0   0.0109182   0.0491922   0.0128703   0.0457568   0.0154427   0   0.0288638   0   0.0381932   0   0.0130024   0.109448   0   0   0   0   0   0   0   0   0   0   0   0   0   0   0   0   0   0   0   0   0   0   0   0   0   0   0   0   0   0   0   
0   1L1W_1_minimize   ADE   15   H2'   4.59   4.02   0 1 0 0   -0.0833525   0.0100987   0.019596   0.011454   0   0   0.0144051   0.0116578   0.0119331   0.00835085   0   0   0   0.00859505   0   0.0107395   0   0   0   0   0.0976346   0.774223   0.100556   0.0514436   0.0371665   0.0230226   0.0824882   0.0255782   0   0.0148235   0.00979269   0   0.0468233   0   0.00801808   0   0.0151595   0.0498061   0   0   0   0   0   0   0   0   0   0   0   0   0   0   0   0   0   0   0   0   0   0   0   0   0   0   0   0   0   0   0   
0   1L1W_1_minimize   ADE   15   H2   8   8.68   0 1 0 0   -0.121314   0.0152912   0   0   0   0   0   0   0   0.0263131   0.0115736   0   0.0112332   0   0.019816   0.0194938   0.0238837   0   0.0117218   0.00876723   0   0   0   0   0   0   0   0   0.794624   0.0297763   0.0186974   0.0284927   0   0.115205   0.115352   0.0120989   0   0.0111248   0   0   0   0   0   0   0   0   0   0   0   0   0   0   0   0   0   0   0   0   0   0   0   0   0   0   0   0   0   0   0   
0   1L1W_1_minimize   ADE   15   H8   8.16   8.6   0 1 0 0   -0.123177   0.0114132   0.0369802   0.00987556   0   0   0   0   0   0.0202534   0.0198831   0.0122948   0.00840989   0.0158093   0.0101326   0.0232374   0.0225585   0.0216724   0.0195639   0.00863259   0.0419223   0.0495067   0.0136491   0.0112791   0.00936439   0.008026   0.0161367   0   0   0.0301815   0.0313251   0.0105699   0.791573   0   0.010929   0   0.10674   0.101285   0   0   0   0   0   0   0   0   0   0   0   0   0   0   0   0   0   0   0   0   0   0   0   0   0   0   0   0   0   0   0   
0   1L1W_1_minimize   GUA   16   H5'   4.34   3.78   1 0 0 0   -0.0639485   0.0123913   0.0117219   0.0270106   0.105162   0.763732   0.0424516   0.111491   0.0194972   0   0   0   0   0   0   0   0   0   0   0   0   0   0   0   0   0   0   0.018583   0   0   0   0   0   0   0   0   0   0   0   0   0   0   0   0   0   0   0   0   0   0   0   0   0   0   0   0   0   0   0.00944329   0   0   0   0   0   0   0   0   0   0   
0   1L1W_1_minimize   GUA   16   H5''   4.41   3.58   1 0 0 0   -0.0307097   0.0137069   0.0151313   0.0545987   0.0983407   0.770386   0.0382135   0.114127   0.0356094   0   0   0   0   0.0131083   0   0   0   0   0.0103302   0   0   0   0   0   0   0   0   0.0122218   0   0   0   0   0   0   0   0   0   0   0   0   0   0   0   0   0   0   0   0   0   0   0   0   0   0   0   0   0   0   0.0214538   0.0108065   0   0   0   0   0   0   0   0   0   
0   1L1W_1_minimize   GUA   16   H4'   4.53   4   1 0 0 0   -0.053017   0.0441801   0.0544583   0.10163   0.765031   0.102993   0.0104116   0.0308369   0.0554685   0   0   0   0   0.0104503   0   0   0   0   0.0148971   0   0   0   0   0   0   0   0   0   0   0   0   0   0   0   0   0   0   0   0   0   0   0   0   0   0   0   0   0   0   0   0   0   0   0   0   0   0   0   0.0140395   0   0   0   0   0   0   0   0   0   0   
0   1L1W_1_minimize   GUA   16   H3'   4.85   4.14   1 0 0 0   -0.0516166   0.0502578   0.0969348   0.764072   0.099841   0.0465508   0.00875989   0.0246202   0.109896   0   0.0169823   0.0116923   0   0.0462452   0   0   0.00929252   0.0176337   0.0441855   0   0   0   0   0   0   0   0   0   0   0   0   0   0   0   0   0   0   0   0   0   0   0   0   0   0   0   0   0   0   0   0   0   0   0.0137355   0   0   0.0148475   0.018665   0.0506421   0.0484527   0   0   0   0.0162269   0.0297477   0.0150039   0   0   0   
0   1L1W_1_minimize   GUA   16   H1'   5.92   5.05   1 0 0 0   -0.0656821   0.786971   0.102496   0.0278329   0.0322567   0.0111271   0   0.00991567   0.0114551   0.0144696   0.0505351   0.016035   0   0.026134   0   0.00883248   0.0461562   0.0126103   0.108341   0   0.00903684   0   0   0   0   0   0   0   0.0324379   0.0181822   0.0108659   0.0105503   0   0.0166037   0.0346677   0   0   0.0108301   0   0   0   0   0   0   0   0   0   0   0   0   0   0   0   0   0   0   0   0   0   0   0   0   0   0   0   0   0   0   0   
0   1L1W_1_minimize   GUA   16   H2'   4.73   4.02   1 0 0 0   -0.0279397   0.0999705   0.786379   0.0940725   0.0279436   0.01004   0   0   0.0410274   0.0133108   0.0390147   0.0154128   0   0.0239229   0   0.00822545   0.0341917   0.0127517   0.0610999   0   0   0   0   0   0   0   0   0   0   0   0   0   0   0   0   0   0   0   0   0   0   0   0   0   0   0   0   0   0   0   0   0   0   0.021679   0.00973748   0.0104181   0.0317091   0.0261421   0.0179263   0.0273481   0   0   0   0   0.0129116   0.0122581   0   0   0   
0   1L1W_1_minimize   GUA   16   H8   7.78   7.69   1 0 0 0   -0.136508   0.0400895   0.0212163   0.0311502   0.0324454   0.029574   0.0165245   0.0485723   0.0111845   0.00950676   0.0301851   0.031675   0.0106633   0.802183   0   0.0236234   0.0109326   0.109956   0.0994782   0   0.0230077   0.0188842   0.00905056   0   0   0   0   0.0100635   0   0.0151168   0.0101156   0   0.0173036   0   0.0110437   0   0.0106114   0.0224599   0   0   0   0   0   0   0   0   0   0   0   0   0   0   0   0.00973089   0   0   0   0   0   0.00838923   0   0.00848721   0.00995869   0.0177071   0.0223148   0.01411   0   0   0   
0   1L1W_1_minimize   CYT   17   H5'   4.38   3.78   0 0 1 0   -0.0130546   0   0.0189925   0.0180903   0   0   0   0   0.0327231   0   0   0   0   0   0   0   0   0   0   0   0   0   0   0   0   0   0   0   0   0   0   0   0   0   0   0   0   0   0   0   0   0   0   0   0   0   0   0   0   0   0   0   0   0.0123628   0.0109424   0.0253306   0.0984002   0.779714   0.0448743   0.109081   0.018318   0   0   0   0.00857298   0   0   0   0   
0   1L1W_1_minimize   CYT   17   H4'   4.3   4   0 0 1 0   -0.015748   0   0.0136462   0.00926743   0   0   0.0136386   0.00960556   0.00953202   0   0.00846072   0   0   0   0   0   0.00976867   0   0   0   0   0   0   0   0   0   0   0   0   0   0   0   0   0   0   0   0   0   0   0   0   0   0   0   0   0   0   0   0   0   0   0   0   0.0433273   0.0496432   0.101106   0.766767   0.100168   0.0102869   0.0284448   0.0586003   0   0   0   0.0107677   0.0142513   0   0   0   
0   1L1W_1_minimize   CYT   17   H3'   4.41   4.14   0 0 1 0   -0.0260245   0   0   0   0   0   0.0432993   0.0162715   0   0   0   0   0   0.0117426   0   0   0   0.0085279   0   0   0   0   0   0   0   0   0   0   0   0   0   0   0   0   0   0   0   0   0   0   0   0   0   0   0   0   0   0   0   0   0   0   0   0.0465845   0.100259   0.769766   0.0996511   0.0504018   0.00991645   0.0340059   0.112166   0.0169778   0.00919396   0.0142996   0.0302301   0.0356673   0.00978829   0   0.011804   
0   1L1W_1_minimize   CYT   17   H1'   5.05   5.28   0 0 1 0   -0.0507217   0.00946533   0.0105968   0   0   0   0   0   0   0.0335365   0.0404663   0.0470864   0.0423864   0.0172612   0.0384791   0.0157321   0.0321651   0.0242323   0.0195808   0.0215875   0   0   0   0   0   0   0   0   0   0   0   0   0   0   0   0   0   0   0   0   0   0   0   0   0   0   0   0   0   0   0   0   0   0.76715   0.0967596   0.0276926   0.0336138   0.0113175   0   0.00999807   0.0114571   0.0465241   0.00933268   0.0114434   0.0289189   0.102694   0.0146293   0   0.0488699   
0   1L1W_1_minimize   CYT   17   H2'   4.59   4.02   0 0 1 0   -0.0457825   0.018425   0   0   0.0126668   0.0124614   0.0262313   0.0242552   0   0   0.0108329   0.0102643   0   0.0419232   0   0   0   0.0198982   0.0235741   0   0   0   0   0   0   0   0   0   0   0   0   0   0   0   0   0   0   0   0   0   0   0   0   0   0   0   0   0   0   0   0   0   0   0.0939957   0.772737   0.0979132   0.0279029   0.010529   0   0.00821619   0.0384718   0.0516245   0.0106343   0.0108414   0.0207122   0.0584045   0.0184187   0   0.0622045   
0   1L1W_1_minimize   CYT   17   H5   6   6.2   0 0 1 0   -0.0605868   0   0   0.00848855   0   0   0   0   0   0.008667   0   0   0   0.0119001   0   0.0184628   0   0.0111292   0   0   0   0   0   0   0   0   0   0   0   0   0   0   0   0   0   0   0   0   0   0   0   0   0   0   0   0   0   0   0   0   0   0   0   0.0101411   0   0   0   0   0.00994376   0.0139834   0   0.0171096   0.0906703   0.794968   0.106362   0.0262254   0.0250633   0.0498823   0   
0   1L1W_1_minimize   CYT   17   H6   7.9   7.8   0 0 1 0   -0.0594791   0.011086   0.0165721   0.0276363   0.0109697   0.00876418   0   0   0.0191827   0   0.0121308   0.0124063   0   0.0246823   0   0.00933808   0   0.0187904   0.0168857   0   0   0   0   0   0   0   0   0   0   0   0   0   0   0   0   0   0   0   0   0   0   0   0   0   0   0   0   0   0   0   0   0   0   0.0495482   0.0191012   0.022325   0.0338496   0.0304858   0.0281953   0.0851519   0.00843751   0.02552   0.026149   0.108755   0.797515   0.10239   0.0177132   0.011037   0.011469   
0   1L1W_1_minimize   GUA   18   H4'   4.47   4   1 0 0 0   -0.0403274   0.0418268   0.0474846   0.0990878   0.765854   0.0991195   0.0252447   0.0430017   0.058142   0   0   0   0   0.00981509   0   0   0   0   0.0143844   0   0   0   0   0   0   0   0   0   0   0   0   0   0   0   0   0   0   0   0   0   0   0   0   0   0   0   0   0   0   0   0   0   0   0   0   0   0   0   0   0   0   0   0   0   0   0   0   0   0   
0   1L1W_1_minimize   GUA   18   H3'   4.59   4.14   1 0 0 0   -0.0584468   0.0497753   0.0999435   0.765187   0.101008   0.0657391   0.0581406   0.0424555   0.110415   0   0.0191337   0.0121111   0   0.0479853   0   0   0.011739   0.0294068   0.0405721   0   0   0   0   0   0   0   0   0   0   0   0   0   0   0   0   0   0   0   0   0   0   0   0   0   0   0   0   0   0   0   0   0   0   0   0   0   0   0   0   0   0   0   0   0   0   0   0   0   0   
0   1L1W_1_minimize   GUA   18   H1'   5.73   5.05   1 0 0 0   -0.0640897   0.768044   0.0965682   0.0279016   0.0328344   0.0113864   0   0.0097985   0.0114152   0.0123679   0.0440735   0.0151356   0   0.0282551   0   0.0139174   0.0365669   0.0128321   0.106898   0   0   0   0   0   0   0   0   0   0   0   0   0   0   0   0   0   0   0   0   0   0   0   0   0   0   0   0   0   0   0   0   0   0   0   0.00968504   0   0   0   0   0   0   0   0   0   0   0   0   0   0.0154045   
0   1L1W_1_minimize   GUA   18   H2'   4.63   4.02   1 0 0 0   -0.044767   0.111902   0.774543   0.104533   0.0443293   0.0324958   0.020898   0.0293161   0.0389916   0.0192546   0.0585362   0.0278261   0.0088717   0.0717026   0.00987806   0.0119707   0.0550316   0.0360436   0.0818532   0   0   0   0   0   0   0   0   0   0   0   0   0   0   0   0   0   0   0   0   0   0   0   0   0   0   0   0   0   0   0   0   0   0   0   0   0   0   0   0   0   0   0   0   0   0   0   0   0   0   
0   1L1W_1_minimize   GUA   18   H1   12.25   12.36   1 0 0 0   -0.111294   0.0108315   0   0   0   0   0   0   0   0.146525   0.0645497   0.0737499   0.157377   0.0229875   1.00716   0.0831974   0.0661434   0.0387603   0.0281815   0.097229   0   0   0   0   0   0   0   0   0   0   0   0   0   0   0   0   0   0   0   0   0   0   0   0   0   0   0   0   0   0   0   0   0   0   0   0   0   0   0   0   0   0.0409493   0.0403456   0.0127284   0.00932258   0.0132531   0.125977   0.0361215   0.0370344   
0   1L1W_1_minimize   GUA   18   H8   7.66   7.69   1 0 0 0   -0.0820047   0.0392644   0.0158919   0.0186955   0.0259323   0.0262233   0.0287831   0.0295657   0   0   0.0300391   0.0315981   0.0106471   0.798278   0   0   0.0108878   0.110071   0.0983051   0   0   0   0   0   0   0   0   0   0   0   0   0   0   0   0   0   0   0   0   0   0   0   0   0   0   0   0   0   0   0   0   0   0   0.0114718   0.028206   0.0192868   0   0   0   0   0.0165403   0.0159702   0   0   0   0.0120978   0.0109224   0   0.019229   
0   1L1W_1_minimize   GUA   19   H3'   4.48   4.14   1 0 0 0   -0.0489192   0.0506624   0.100631   0.766601   0.100228   0.0634013   0.0623596   0.101502   0.119375   0   0.0190884   0.0129471   0   0.0565674   0   0   0.0107555   0.0300469   0.0450934   0   0   0   0   0   0   0   0   0   0   0   0   0   0   0   0   0   0   0   0   0   0   0   0   0   0   0   0   0   0   0   0   0   0   0   0   0   0   0   0   0   0   0   0   0   0   0   0   0   0   
0   1L1W_1_minimize   GUA   19   H1'   5.75   5.05   1 0 0 0   -0.0664441   0.76612   0.0959939   0.0272967   0.0314621   0.0110333   0   0.00862823   0.01108   0.0272785   0.0471402   0.0154585   0   0.0268466   0   0.0328797   0.0532383   0.0125669   0.107215   0   0   0   0   0   0   0   0   0   0   0   0   0   0   0   0   0   0   0   0   0   0   0   0   0   0   0   0   0   0   0   0   0   0   0   0   0   0   0   0   0   0   0   0   0   0   0   0   0   0.0086029   
0   1L1W_1_minimize   GUA   19   H2'   4.53   4.02   1 0 0 0   -0.0452487   0.112032   0.782949   0.107725   0.0488478   0.0403008   0.0256529   0.0604861   0.0398411   0.0159153   0.0520774   0.025792   0.00841681   0.0661441   0.00883464   0.00993756   0.0415171   0.0322759   0.0803397   0   0   0   0   0   0   0   0   0   0   0   0   0   0   0   0   0   0   0   0   0   0   0   0   0   0   0   0   0   0   0   0   0   0   0   0   0   0   0   0   0   0   0   0   0   0   0   0   0   0   
0   1L1W_1_minimize   GUA   19   H1   12.66   12.36   1 0 0 0   -0.109737   0   0   0   0   0   0   0   0   0.128231   0.0392389   0.0524288   0.140231   0.0106141   1.00154   0.0727533   0.0431362   0.0253268   0.0114829   0.0944324   0   0   0   0   0   0   0   0   0   0   0   0   0   0   0   0   0   0   0   0   0   0   0   0   0   0   0   0   0   0   0   0   0   0.00825272   0   0   0   0   0   0   0   0.0651386   0.0704069   0.0318398   0.0246615   0.029958   0.170275   0.05557   0.0520802   
0   1L1W_1_minimize   GUA   19   H8   7.25   7.69   1 0 0 0   -0.10048   0.0556428   0.0597524   0.0558807   0.0423669   0.0340026   0.0311583   0.079877   0.0338955   0.0144484   0.0494123   0.0429832   0.0186992   0.80933   0.00929094   0.0102485   0.0332653   0.109148   0.115911   0   0   0   0   0   0   0   0   0   0   0   0   0   0   0   0   0   0   0   0   0   0   0   0   0   0   0   0   0   0   0   0   0   0   0   0   0   0   0   0   0   0   0   0   0   0   0   0   0   0   
0   1L1W_1_minimize   GUA   20   H3'   4.52   4.14   1 0 0 0   -0.0510917   0.0515771   0.100024   0.766925   0.100319   0.0621382   0.0618458   0.0894695   0.110805   0   0.0185832   0.0126144   0   0.0544001   0   0   0.0103156   0.027151   0.0458746   0   0   0   0   0   0   0   0   0   0   0   0   0   0   0   0   0   0   0   0   0   0   0   0   0   0   0   0   0   0   0   0   0   0   0   0   0   0   0   0   0   0   0   0   0   0   0   0   0   0   
0   1L1W_1_minimize   GUA   20   H1'   5.81   5.05   1 0 0 0   -0.0601967   0.769049   0.0962649   0.0274981   0.0317316   0.0110484   0   0.00897144   0.0110937   0.0300364   0.048509   0.0156875   0   0.0267332   0.00848072   0.0363642   0.0571129   0.0126402   0.107485   0   0   0   0   0   0   0   0   0   0   0   0   0   0   0   0   0   0   0   0   0   0   0   0   0   0   0   0   0   0   0   0   0   0   0   0   0   0   0   0   0   0   0   0   0   0   0   0   0   0.00993696   
0   1L1W_1_minimize   GUA   20   H2'   4.55   4.02   1 0 0 0   -0.044726   0.109804   0.777243   0.106499   0.0480909   0.0394096   0.0262762   0.0599767   0.040271   0.0147593   0.0491681   0.0245978   0.0080742   0.0618289   0.00834134   0.00925935   0.0380515   0.0306287   0.0774962   0   0   0   0   0   0   0   0   0   0   0   0   0   0   0   0   0   0   0   0   0   0   0   0   0   0   0   0   0   0   0   0   0   0   0   0   0   0   0   0   0   0   0   0   0   0   0   0   0   0   
0   1L1W_1_minimize   GUA   20   H1   12.49   12.36   1 0 0 0   -0.105831   0   0   0   0   0   0   0   0   0.124185   0.0357467   0.0531996   0.143557   0.0106703   1.0014   0.0633063   0.0389786   0.0276588   0.00984794   0.102271   0   0   0   0   0   0   0   0   0   0   0   0   0   0   0   0   0   0   0   0   0   0   0   0   0   0   0   0   0   0   0   0   0   0.00858658   0   0   0   0   0   0   0   0.0628949   0.0709127   0.0321821   0.0248166   0.0298408   0.164098   0.0573989   0.049676   
0   1L1W_1_minimize   GUA   20   H8   7.22   7.69   1 0 0 0   -0.0925994   0.0547689   0.0549069   0.0509716   0.0400939   0.0316238   0.0284345   0.0877997   0.0288091   0.0143167   0.0512098   0.0451571   0.0199846   0.807882   0.00998051   0.00962813   0.0323446   0.11941   0.11659   0   0   0   0   0   0   0   0   0   0   0   0   0   0   0   0   0   0   0   0   0   0   0   0   0   0   0   0   0   0   0   0   0   0   0   0   0   0   0   0   0   0   0   0   0   0   0   0   0   0   
0   1L1W_1_minimize   GUA   21   H3'   4.29   4.14   1 0 0 0   -0.052437   0.0504575   0.0999921   0.766111   0.100664   0.0623671   0.0612956   0.0908928   0.110259   0   0.0166594   0.011214   0   0.0531129   0   0   0.00951145   0.0283671   0.0412589   0   0   0   0   0   0   0   0   0   0   0   0   0   0   0   0   0   0   0   0   0   0   0   0   0   0   0   0   0   0   0   0   0   0   0   0   0   0   0   0   0   0   0   0   0   0   0   0   0   0   
0   1L1W_1_minimize   GUA   21   H1'   5.75   5.05   1 0 0 0   -0.0586595   0.768354   0.0962893   0.0277699   0.0331308   0.01121   0   0.00878889   0.0112719   0.0258307   0.0486189   0.015734   0   0.0267614   0   0.0272127   0.0545982   0.0126722   0.107612   0   0   0   0   0   0   0   0   0   0   0   0   0   0   0   0   0   0   0   0   0   0   0   0   0   0   0   0   0   0   0   0   0   0   0   0   0   0   0   0   0   0   0   0   0   0   0   0   0   0   
0   1L1W_1_minimize   GUA   21   H2'   4.8   4.02   1 0 0 0   -0.0440645   0.112045   0.782266   0.107531   0.0500522   0.041958   0.0257263   0.0621971   0.0396621   0.0142123   0.0497305   0.0255409   0   0.0675887   0.00817205   0.00879828   0.03634   0.0328464   0.0815294   0   0   0   0   0   0   0   0   0   0   0   0   0   0   0   0   0   0   0   0   0   0   0   0   0   0   0   0   0   0   0   0   0   0   0   0   0   0   0   0   0   0   0   0   0   0   0   0   0   0   
0   1L1W_1_minimize   GUA   21   H1   10.78   12.36   1 0 0 0   -0.10032   0   0   0   0   0   0   0   0   0.131169   0.0376841   0.0470507   0.133146   0.00881371   1.00318   0.0761535   0.0440021   0.0216255   0.0106065   0.0808055   0   0   0   0   0   0   0   0   0   0   0   0   0   0   0   0   0   0   0.00991247   0   0   0   0   0   0   0   0.051128   0.013012   0   0   0.0151436   0.0414353   0.00886791   0.0106019   0   0   0   0   0   0   0   0.0242097   0.0197432   0.0136871   0.0133817   0.0178624   0.0261924   0.0129532   0.0171055   
0   1L1W_1_minimize   GUA   21   H8   7.06   7.69   1 0 0 0   -0.0953301   0.0544788   0.0516447   0.0454683   0.0285719   0.0266018   0.0229702   0.0654209   0.0251621   0.0149226   0.0519043   0.0454314   0.0202346   0.803461   0.0103326   0.00997033   0.0333303   0.127092   0.116666   0   0   0   0   0   0   0   0   0   0   0   0   0   0   0   0   0   0   0   0   0   0   0   0   0   0   0   0   0   0   0   0   0   0   0   0   0   0   0   0   0   0   0   0   0   0   0   0   0   0   
0   1L1W_1_minimize   GUA   22   H3'   4.61   4.14   1 0 0 0   -0.0746135   0.0515375   0.0998451   0.766555   0.100463   0.0502624   0.0175307   0.0649912   0.111104   0   0.0180305   0.0124103   0   0.0449913   0   0   0.00986183   0.0180478   0.0458332   0   0   0   0   0   0.0106033   0.044775   0.0229247   0   0   0   0   0   0.0116696   0   0   0   0.00931727   0   0   0   0   0   0   0   0   0   0   0   0   0   0   0   0   0   0   0   0   0   0   0   0   0   0   0   0   0   0   0   0   
0   1L1W_1_minimize   GUA   22   H1'   5.77   5.05   1 0 0 0   -0.0640002   0.767752   0.0964074   0.0274485   0.0319151   0.0110561   0   0.00878769   0.0110657   0.0302285   0.0487199   0.0156495   0   0.0263466   0.0090543   0.0325334   0.0579309   0.0125156   0.106672   0   0   0   0   0   0   0   0   0   0   0   0   0   0   0   0   0   0   0   0   0   0   0   0   0   0   0   0   0   0   0   0   0   0   0   0   0   0   0   0   0   0   0   0   0   0   0   0   0   0   
0   1L1W_1_minimize   GUA   22   H2'   4.66   4.02   1 0 0 0   -0.0455446   0.0948398   0.780495   0.0965956   0.0277055   0.0103216   0   0.009569   0.0403217   0.0138309   0.0390713   0.0156063   0   0.0225147   0   0.00868801   0.0351901   0.0124854   0.0583634   0   0.0147412   0   0.00893952   0.0168814   0.0242134   0.0257046   0.042071   0   0   0.00907182   0.00971489   0   0.0436464   0   0   0   0.0220825   0.0193046   0   0   0   0   0   0   0   0   0   0   0   0   0   0   0   0   0   0   0   0   0   0   0   0   0   0   0   0   0   0   0   
0   1L1W_1_minimize   GUA   22   H1   12.69   12.36   1 0 0 0   -0.116085   0   0   0   0   0   0   0   0   0.111709   0.0202247   0.0282522   0.122922   0   0.977701   0.063687   0.0278416   0.010409   0   0.0788248   0   0   0   0   0   0   0   0   0   0.00933216   0.0175093   0.0224173   0.00817497   0.0126682   0   0.0294344   0.0148128   0   0.00953447   0   0   0   0   0   0   0   0.0227667   0.0141597   0.0100399   0.0103617   0.0150952   0.0228151   0.00966449   0   0   0   0   0   0   0   0   0.041677   0.0422307   0.0131322   0.00954139   0.0134697   0.132847   0.0456078   0.0368591   
0   1L1W_1_minimize   GUA   22   H8   7.27   7.69   1 0 0 0   -0.11976   0.0551003   0.0549155   0.0532146   0.0413015   0.0320892   0.0276192   0.087801   0.0290605   0.0112419   0.0493206   0.0443793   0.0189589   0.812325   0.00829607   0   0.0282451   0.119512   0.117568   0   0   0   0   0   0   0   0   0   0   0   0   0   0   0   0   0   0   0   0   0   0   0   0   0   0   0   0   0   0   0   0   0   0   0   0   0   0   0   0   0   0   0   0   0   0   0   0   0   0   
0   1L1W_1_minimize   ADE   23   H3'   4.55   4.14   0 1 0 0   -0.0208581   0   0   0   0   0   0   0   0   0   0   0   0   0   0   0   0   0   0   0   0.0495987   0.0988294   0.764315   0.0998162   0.0508478   0.0170204   0.0630434   0.107636   0   0.0159872   0.0101149   0   0.0315541   0   0.00959992   0   0.0132803   0.0394417   0   0   0   0   0   0   0   0   0   0   0   0   0   0   0   0   0   0   0.00822362   0.0130379   0.0441424   0.0319052   0   0   0.00837081   0.0220198   0.0236305   0.00956663   0   0   0   
0   1L1W_1_minimize   ADE   23   H1'   5.98   5.03   0 1 0 0   -0.0486237   0   0   0   0   0   0   0   0   0   0   0   0   0   0   0.0108483   0   0   0   0   0.785007   0.0991934   0.0277762   0.0323117   0.0111432   0   0.0089469   0.0114683   0.0143085   0.0519074   0.0169414   0.00822484   0.0282248   0   0.0438114   0   0.0134962   0.11334   0   0   0   0   0   0   0   0   0   0   0   0   0   0   0   0   0   0   0   0   0   0   0   0   0   0   0.00834876   0   0   0   0   
0   1L1W_1_minimize   ADE   23   H2'   4.3   4.02   0 1 0 0   -0.030941   0   0   0   0   0   0   0   0   0   0   0   0   0   0   0   0   0   0   0   0.0943829   0.784327   0.0941793   0.0274078   0.0102676   0   0.009475   0.0396489   0.0136903   0.0358333   0.0134945   0   0.0190693   0   0.0364711   0   0.0105216   0.053671   0   0   0   0   0   0   0   0   0   0   0   0   0   0   0   0.0250816   0.0103291   0.0127506   0.030033   0.036137   0.0238596   0.0500964   0   0.00984006   0.0086858   0.0198462   0.0439198   0.0248223   0   0   0   
0   1L1W_1_minimize   ADE   23   H2   8.23   8.68   0 1 0 0   -0.130073   0   0   0   0   0   0   0   0   0   0   0   0   0   0   0   0   0   0   0   0   0   0   0   0   0   0   0   0.795728   0.0297074   0.0186613   0.0284832   0   0.115403   0.115262   0.012122   0   0.0110985   0   0   0   0   0   0   0   0   0   0   0   0   0   0   0   0.0199209   0   0   0   0   0   0   0   0.0280286   0   0   0.0102906   0.0184312   0.0113633   0   0.0446863   
0   1L1W_1_minimize   ADE   23   H8   8.02   8.6   0 1 0 0   -0.131352   0.0145565   0.0350477   0.0209717   0   0   0   0   0.0169851   0.0123866   0.0183563   0.0114751   0   0.0104064   0.00838949   0.00880341   0.0191333   0.0085123   0.0162746   0   0.0393112   0.0173846   0.0221381   0.0282977   0.027817   0.0247061   0.0689343   0.00848238   0   0.0299769   0.0316551   0.0106523   0.796352   0   0.0108184   0   0.110065   0.098165   0   0   0   0   0   0   0   0   0   0   0   0   0   0   0   0   0   0   0   0   0   0   0   0   0.0087255   0.0141392   0.00959675   0   0   0.00828778   0   
0   1L1W_1_minimize   CYT   24   H3'   4.56   4.14   0 0 1 0   -0.0166303   0   0   0   0   0   0   0   0   0   0   0   0   0   0   0   0   0   0   0   0   0   0   0   0   0   0   0   0   0   0   0   0   0   0   0   0   0   0   0   0   0   0   0   0   0   0   0   0   0   0   0   0   0.048837   0.100638   0.764896   0.0995999   0.059242   0.0604143   0.0854629   0.110369   0.0147902   0.00843933   0.0293438   0.0529926   0.037339   0.00848693   0   0.010042   
0   1L1W_1_minimize   CYT   24   H1'   5.54   5.28   0 0 1 0   -0.0612964   0   0   0   0   0   0   0   0   0   0   0   0   0   0   0   0   0   0   0   0   0.00827283   0   0   0   0   0   0   0.0301539   0.0122817   0   0.00835357   0   0.014948   0.0262743   0   0   0   0   0   0   0   0   0   0   0   0   0   0   0   0   0   0   0.76845   0.0970097   0.0280242   0.0344266   0.0114796   0   0.0090056   0.0115068   0.0531328   0.00973298   0.0114477   0.0277268   0.104054   0.0159236   0   0.0604792   
0   1L1W_1_minimize   CYT   24   H2'   4.13   4.02   0 0 1 0   -0.0290381   0   0   0   0   0   0   0   0   0   0   0   0   0   0   0   0   0   0   0   0   0   0   0   0   0   0   0   0   0   0   0   0   0   0   0   0   0   0   0   0   0   0   0   0   0   0   0   0   0   0   0   0   0.115468   0.788212   0.10666   0.0449648   0.029152   0.0243518   0.0558614   0.0396258   0.0502403   0.019393   0.0337304   0.068827   0.0827134   0.0153916   0   0.0428118   
0   1L1W_1_minimize   CYT   24   H5   5.4   6.2   0 0 1 0   -0.0881287   0   0   0   0   0   0   0   0   0   0   0   0   0   0   0   0   0   0   0   0.01159   0.0134176   0.0167018   0.00856015   0   0.00819247   0.013276   0.0094701   0   0.0189241   0.0204948   0.0110508   0.029889   0   0.010343   0   0.0268183   0.0225382   0   0   0   0   0   0   0   0   0   0   0   0   0   0   0   0.0102026   0   0   0   0   0.0102291   0.0133714   0   0.0171208   0.097241   0.803237   0.108643   0.0264712   0.0249235   0.0589141   0   
0   1L1W_1_minimize   CYT   24   H6   7.77   7.8   0 0 1 0   -0.051086   0   0   0   0   0   0   0   0   0   0   0   0   0   0   0   0   0   0   0   0.0166613   0.0360184   0.0294557   0.0100231   0   0   0   0.0198263   0.0103844   0.0197398   0.0122674   0   0.0137084   0   0.0172717   0   0.0101633   0.0208631   0   0   0   0   0   0   0   0   0   0   0   0   0   0   0   0.0487378   0.0222889   0.0296467   0.0370568   0.0330604   0.0265633   0.0840913   0.0105081   0.0256809   0.0264425   0.120745   0.80958   0.102705   0.0178753   0.0111284   0.0115663   
0   1L1W_1_minimize   CYT   25   H4'   4.14   4   0 0 1 0   -0.0124316   0   0   0   0   0   0   0   0   0   0   0   0   0   0   0   0   0   0   0   0   0   0   0   0   0.0147779   0   0   0   0   0   0   0   0   0   0   0   0   0   0   0   0   0   0   0   0   0   0   0   0   0   0   0   0.0461093   0.0539081   0.100831   0.766369   0.10185   0.00942636   0.0281118   0.0534026   0   0   0   0.0107092   0.0147196   0   0   0   
0   1L1W_1_minimize   CYT   25   H3'   4.59   4.14   0 0 1 0   -0.0316204   0   0   0   0   0   0   0   0   0   0   0   0   0   0   0   0   0   0   0   0.00831309   0   0   0.00962194   0.0140577   0.0489077   0.0453959   0   0   0   0   0   0.0224739   0   0   0   0.0142128   0.0104439   0   0   0   0   0   0   0   0   0   0   0   0   0   0   0   0.0505414   0.100965   0.766032   0.0982424   0.0450203   0.0112797   0.0339049   0.108756   0.0181082   0.00953764   0.0160297   0.0378204   0.0411973   0.0100819   0   0.012636   
0   1L1W_1_minimize   CYT   25   H1'   5.63   5.28   0 0 1 0   -0.046229   0   0   0   0   0   0   0   0   0   0   0   0   0   0   0   0   0   0   0   0   0   0   0   0   0   0   0   0.0118436   0   0   0   0   0.0116102   0   0   0   0   0   0   0   0   0   0   0   0   0   0   0   0   0   0   0   0.767931   0.0971929   0.0278699   0.0340294   0.011488   0   0.00988058   0.0115194   0.0588103   0.00962669   0.0113756   0.0278086   0.103744   0.0155542   0   0.0685121   
0   1L1W_1_minimize   CYT   25   H2'   4.38   4.02   0 0 1 0   -0.0345346   0   0   0   0   0   0   0   0   0   0   0   0   0   0   0.00924199   0   0   0   0   0.0244122   0.00841559   0   0.0142985   0.0116867   0.0158967   0.0211798   0   0   0.010956   0.00944281   0   0.0330994   0   0   0   0.0157463   0.0238209   0   0   0   0   0   0   0   0   0   0   0   0   0   0   0   0.0970024   0.782648   0.095278   0.0277976   0.0100382   0   0   0.0415564   0.0536279   0.0106316   0.0111297   0.0219361   0.0612074   0.0184875   0   0.0697466   
0   1L1W_1_minimize   CYT   25   H5   5.64   6.2   0 0 1 0   -0.0636233   0   0   0   0   0   0   0   0   0   0   0   0   0   0   0   0   0   0   0   0   0   0   0   0   0   0   0   0   0   0   0   0   0   0   0   0.0116639   0   0   0   0   0   0   0   0   0   0   0   0   0   0   0   0   0.0198058   0.012231   0.0119458   0   0   0.00877628   0.0121746   0   0.0359721   0.114651   0.816295   0.128434   0.045496   0.0460335   0.0635673   0.0111172   
0   1L1W_1_minimize   CYT   25   H6   7.81   7.8   0 0 1 0   -0.0490105   0   0   0   0   0   0   0   0   0   0   0   0   0   0   0   0   0   0   0   0   0   0   0   0   0   0   0   0   0   0   0   0.00805514   0   0   0   0.00857432   0   0   0   0   0   0   0   0   0   0   0   0   0   0   0   0   0.0611303   0.0518421   0.0489954   0.0428076   0.0303453   0.0247708   0.080259   0.0266401   0.0427029   0.0347032   0.117732   0.817024   0.118936   0.0293616   0.0109872   0.0273361   
0   1L1W_1_minimize   ADE   26   H4'   4.38   4   0 1 0 0   -0.0313975   0   0   0   0   0   0   0   0   0   0   0   0   0   0   0   0   0   0   0   0.0345953   0.0370802   0.100686   0.786729   0.10164   0.020835   0.0370148   0.0671793   0   0   0   0   0.011478   0   0   0   0   0.0147702   0   0   0   0   0   0   0   0   0   0   0   0   0   0   0   0   0   0.00821004   0   0   0.0159443   0.00836305   0.0154746   0   0   0   0   0   0   0   0   
0   1L1W_1_minimize   ADE   26   H3'   4.67   4.14   0 1 0 0   -0.0376354   0   0   0   0   0   0   0   0   0   0   0   0   0   0   0   0   0   0   0   0.0428029   0.100885   0.77345   0.100661   0.0603777   0   0.018547   0.108433   0   0.0180001   0.0104486   0   0.0206862   0   0.0124937   0   0.010961   0.0341049   0   0   0   0   0   0   0   0   0   0   0   0   0   0   0   0   0   0   0.00836095   0.0134794   0.0473424   0.0340486   0   0   0.0102388   0.0303077   0.0295339   0.0105989   0   0   0   
0   1L1W_1_minimize   ADE   26   H1'   5.86   5.03   0 1 0 0   -0.0511556   0   0   0   0   0   0   0   0   0.0106986   0   0   0   0   0   0.0206565   0   0   0   0   0.769936   0.0969427   0.02684   0.0296274   0.0117448   0   0.00977928   0.0118173   0.0114556   0.0430145   0.0156566   0   0.0308649   0   0.0318003   0   0.0137016   0.109032   0   0   0   0   0   0   0   0   0   0   0   0   0   0   0   0   0.0121073   0   0   0   0   0   0   0.0107076   0   0   0   0   0   0   0.0182309   
0   1L1W_1_minimize   ADE   26   H2'   4.49   4.02   0 1 0 0   -0.0385523   0   0   0   0   0   0   0   0   0   0   0   0   0   0   0   0   0   0   0   0.0934582   0.777184   0.0946929   0.0269685   0.0117218   0   0   0.0374137   0.0168384   0.0388818   0.0133872   0   0.0158673   0.00831607   0.0495431   0   0.00940969   0.0492539   0   0   0   0   0   0   0   0   0   0   0   0   0   0   0   0.0192238   0.00811328   0.00955974   0.0198609   0.0241315   0.0194671   0.0338083   0   0.00948258   0.010247   0.0257401   0.0490169   0.0225434   0   0   0   
0   1L1W_1_minimize   ADE   26   H2   7.38   8.68   0 1 0 0   -0.122415   0.0117384   0   0   0   0   0   0   0   0.0177295   0.0239703   0.0177445   0.0136187   0.0114761   0.0142425   0.0108314   0.0231018   0.011233   0.0171479   0.00806723   0   0   0   0   0   0   0   0   0.7905   0.0294322   0.0186779   0.0285483   0   0.116135   0.113579   0.0120572   0   0.0109406   0   0   0   0   0   0   0   0   0.0202835   0.00872007   0   0   0   0.0216699   0   0.0176311   0   0   0   0   0   0   0   0.0255783   0.0143656   0.0128661   0.016097   0.0234446   0.0194506   0.00848711   0.0197023   
0   1L1W_1_minimize   ADE   26   H8   8.12   8.6   0 1 0 0   -0.117012   0   0   0   0   0   0   0   0   0   0   0   0   0   0   0   0   0   0   0   0.0404894   0.0147259   0.0161091   0.0326215   0.0458585   0.0236028   0.093844   0   0   0.0299582   0.032093   0.0108192   0.798797   0   0.0107539   0   0.111857   0.097985   0   0   0   0   0   0   0   0   0   0   0   0   0   0   0   0.0131375   0.0262155   0.0292865   0.00990336   0   0   0   0.0225124   0.0176893   0.0110765   0.0115314   0.0145865   0.0176572   0.0134751   0   0.0145421   
0   1L1W_1_minimize   CYT   27   H4'   4.21   4   0 0 1 0   -0.0230726   0   0   0   0   0   0   0   0   0   0   0   0   0   0   0   0   0   0   0   0   0   0   0   0   0   0   0   0   0   0   0   0   0   0   0   0   0   0   0   0   0   0   0   0   0   0   0   0   0   0   0   0   0.0426528   0.0485758   0.0999887   0.769654   0.100755   0.0227237   0.0354158   0.0590736   0   0   0   0.0107687   0.0141815   0   0   0   
0   1L1W_1_minimize   CYT   27   H3'   4.5   4.14   0 0 1 0   -0.0179288   0   0   0   0   0   0   0   0   0   0   0   0   0   0   0   0   0   0   0   0   0   0   0   0   0   0   0   0   0   0   0   0   0   0   0   0   0   0   0   0   0   0   0   0   0   0   0   0   0   0   0   0   0.0489927   0.101689   0.767502   0.0988948   0.0620531   0.0609614   0.0890402   0.109726   0.0156253   0.008065   0.029635   0.049352   0.0376923   0.00858431   0   0.0110618   
0   1L1W_1_minimize   CYT   27   H1'   5.42   5.28   0 0 1 0   -0.0449487   0   0   0   0   0   0   0   0   0   0   0   0   0   0   0   0   0   0   0   0   0   0   0   0   0   0   0   0.0166585   0   0   0   0   0.00827187   0.01526   0   0   0   0   0   0   0   0   0   0   0   0   0   0   0   0   0   0   0.765992   0.0971797   0.0280111   0.0333076   0.0113023   0   0.00901843   0.0115589   0.0527243   0.010038   0.011798   0.0286656   0.105083   0.0162604   0   0.0564497   
0   1L1W_1_minimize   CYT   27   H2'   4.38   4.02   0 0 1 0   -0.0347757   0   0   0   0   0   0   0   0   0   0   0   0   0   0   0   0   0   0   0   0   0   0   0   0   0   0   0   0   0   0   0   0   0   0   0   0   0   0   0   0   0   0   0   0   0   0   0   0   0   0   0   0   0.112668   0.785661   0.107208   0.0486506   0.0394136   0.024425   0.0583655   0.0388284   0.0514685   0.0195829   0.036585   0.0730888   0.079799   0.0149404   0   0.0503821   
0   1L1W_1_minimize   CYT   27   H5   5.18   6.2   0 0 1 0   -0.0768768   0   0   0   0   0   0   0   0   0   0   0   0   0   0   0   0   0   0   0   0.0141096   0.0184206   0.0238265   0.0124594   0.0135429   0   0   0.0115339   0.0128488   0.0272318   0.0224196   0.0137908   0.019854   0.0110425   0.0186714   0.00820694   0.0182133   0.024984   0   0   0   0   0   0   0   0   0   0   0   0   0   0   0   0.0101325   0   0   0   0   0.0110097   0.0138618   0   0.0169485   0.0876608   0.788825   0.107291   0.0261446   0.0246889   0.0562404   0   
0   1L1W_1_minimize   CYT   27   H6   7.59   7.8   0 0 1 0   -0.0516754   0   0   0   0   0   0   0   0   0   0   0   0   0   0   0   0   0   0   0   0.0157302   0.0411578   0.0353155   0.0112513   0   0   0   0.0233981   0.0130805   0.0174842   0.00933863   0   0.00836703   0   0.0222736   0   0   0.0157781   0   0   0   0   0   0   0   0   0   0   0   0   0   0   0   0.0491821   0.0205319   0.0264426   0.037232   0.0351131   0.0274657   0.0852097   0.00963304   0.0259116   0.0264077   0.118806   0.812899   0.104167   0.017994   0.0110125   0.0116271   
0   1L1W_1_minimize   CYT   28   H3'   4.45   4.14   0 0 1 0   -0.0236426   0   0   0   0   0   0   0   0   0   0   0   0   0   0   0   0   0   0   0   0   0   0   0   0.00935531   0.0464038   0.0194444   0   0   0   0   0   0.0188142   0   0   0   0.0143266   0.00863145   0   0   0   0   0   0   0   0   0   0   0   0   0   0   0   0.0471201   0.100596   0.766274   0.0994922   0.0506593   0.017811   0.0663177   0.119437   0.0139947   0.00837955   0.015521   0.0386017   0.0352659   0.00818657   0   0.00944466   
0   1L1W_1_minimize   CYT   28   H1'   5.47   5.28   0 0 1 0   -0.0467463   0   0   0   0   0   0   0   0   0.0108404   0   0   0   0   0   0.0223553   0   0   0   0   0   0   0   0   0   0   0   0   0   0   0   0   0   0   0   0   0   0   0   0   0   0   0   0   0   0   0   0   0   0   0   0   0   0.765879   0.0971093   0.0281739   0.0344799   0.0114781   0   0.00874983   0.0116807   0.0538751   0.009584   0.0110752   0.0266689   0.10278   0.0159605   0   0.0759296   
0   1L1W_1_minimize   CYT   28   H2'   4.4   4.02   0 0 1 0   -0.0340129   0   0   0   0   0   0   0   0   0   0   0   0   0   0   0   0   0   0   0   0.0224879   0.00813407   0   0.0149102   0.0142772   0.023711   0.0281678   0   0   0.0128737   0.0120126   0   0.0483214   0   0   0   0.0225249   0.0286493   0   0   0   0   0   0   0   0   0   0   0   0   0   0   0   0.093736   0.771021   0.0968219   0.0276422   0.0104745   0   0.0100244   0.0386842   0.0393194   0.0102686   0.0119653   0.0248806   0.0589028   0.0155488   0   0.038888   
0   1L1W_1_minimize   CYT   28   H5   5.38   6.2   0 0 1 0   -0.0705458   0   0   0   0   0   0   0   0   0   0   0   0   0   0   0   0   0   0   0   0   0   0   0   0   0   0   0   0   0   0   0   0   0   0   0.0103732   0.012362   0   0   0   0   0   0   0   0   0   0   0   0   0   0   0   0   0.0217003   0.0147758   0.0142093   0   0   0.00951632   0.0214259   0.00839396   0.0406069   0.111449   0.815125   0.128023   0.0490169   0.0474135   0.0608037   0.0148474   
0   1L1W_1_minimize   CYT   28   H6   7.61   7.8   0 0 1 0   -0.0555212   0   0   0   0   0   0   0   0   0   0   0   0   0   0   0   0   0   0   0   0   0   0   0   0   0   0   0   0   0   0   0   0.0086735   0   0   0   0.0102867   0   0   0   0   0   0   0   0   0   0   0   0   0   0   0   0   0.0637963   0.0606276   0.056255   0.0466497   0.0341749   0.0247888   0.0833778   0.0289539   0.0442134   0.0260463   0.107946   0.805135   0.119117   0.0288726   0.010953   0.0322607   
0   1L1W_1_minimize   ADE   29   H1'   5.98   5.03   0 1 0 0   -0.0539849   0   0   0   0   0   0   0   0   0.00828642   0   0   0   0   0   0.014109   0   0   0   0   0.768505   0.0967493   0.0280612   0.0326757   0.0114511   0   0.00973128   0.0115664   0.0126546   0.0453227   0.015482   0   0.027974   0   0.0371325   0   0.0128975   0.107164   0   0   0   0   0   0   0   0   0   0   0   0   0   0   0   0   0.00972435   0   0   0   0   0   0   0.00913105   0   0   0   0   0   0   0.0144774   
0   1L1W_1_minimize   ADE   29   H2'   4.05   4.02   0 1 0 0   -0.0235944   0   0   0   0   0   0   0   0   0   0   0   0   0   0   0   0   0   0   0   0.0926737   0.770411   0.0960643   0.0270787   0.0106717   0   0   0.0404514   0.0163311   0.0420644   0.0152893   0.00834542   0.0191977   0.00863248   0.0450668   0   0.0112077   0.0554623   0   0   0   0   0   0   0   0   0   0   0   0   0   0   0   0   0   0   0   0   0   0   0   0   0   0   0   0   0   0   0   
0   1L1W_1_minimize   ADE   29   H2   7.36   8.68   0 1 0 0   -0.107285   0   0   0   0   0   0   0   0   0.0164664   0.0172074   0.0159965   0.0154618   0.0083026   0.0159898   0.0103813   0.0168969   0.00956924   0.0111725   0.0101236   0   0   0   0   0   0   0   0   0.795893   0.029684   0.0186771   0.0284575   0   0.115293   0.115103   0.0120855   0   0.011078   0   0   0   0   0   0   0   0   0   0   0   0   0   0   0   0   0   0   0   0   0   0   0   0   0   0   0   0   0   0   0   
0   1L1W_1_minimize   ADE   29   H8   8.02   8.6   0 1 0 0   -0.102354   0   0   0   0   0   0   0   0   0   0   0   0   0   0   0   0   0   0   0   0.0396566   0.0165651   0.020381   0.0284164   0.0308116   0.030101   0.0349483   0   0   0.0299472   0.0316773   0.0106755   0.798752   0   0.0108045   0   0.110365   0.098082   0   0   0   0   0   0   0   0   0   0   0   0   0   0   0   0.0130841   0.0302502   0.0253141   0.0087836   0   0   0   0.0193711   0.0136141   0.00845435   0.00946201   0.0127633   0.0154022   0.00987136   0   0.0113504   
