0   1L1W_1   GUA   1   H2'   4.93   4.02   1 0 0 0   -0.0394944   0.114657   0.781731   0.109374   0.0556812   0.0470028   0.026682   0.0488361   0.0372101   0.0104596   0.0410613   0.0146363   0   0.0567021   0   0   0.0247392   0.0263603   0.0811995   0   0   0   0   0   0   0   0   0   0   0   0   0   0   0   0   0   0   0   0   0   0   0   0   0   0   0   0   0   0   0   0   0   0   0   0   0   0   0   0   0   0   0   0   0   0   0   0   0   0   
0   1L1W_1   GUA   1   H1'   5.95   5.05   1 0 0 0   -0.0641791   0.767222   0.0966758   0.0307622   0.0428198   0.0128578   0   0.00989972   0.0130386   0.0141723   0.0495682   0.0159839   0   0.0262936   0   0.00863854   0.0444224   0.0126362   0.106932   0   0   0   0   0   0   0   0   0   0.013138   0   0   0   0   0   0.00972713   0   0   0   0   0   0   0   0   0   0   0   0   0   0   0   0   0   0   0   0   0   0   0   0   0   0   0   0   0   0   0   0   0   0   
0   1L1W_1   GUA   1   H8   8.22   7.69   1 0 0 0   -0.113256   0.0405331   0.0206586   0.0195835   0.0195769   0.0143377   0   0.00923888   0   0   0.0301225   0.0315016   0.0106225   0.806344   0   0   0.0109285   0.118084   0.0995263   0   0   0   0   0   0   0   0   0   0   0   0   0   0   0   0   0   0   0   0   0   0   0   0   0   0   0   0   0   0   0   0   0   0   0   0   0   0   0   0   0   0   0   0   0   0   0   0   0   0   
0   1L1W_1   GUA   1   H1   12.09   12.36   1 0 0 0   -0.110858   0.00811894   0   0   0   0   0   0   0   0.136668   0.0446468   0.0521833   0.138239   0.0105111   0.99799   0.0774145   0.0515423   0.0234036   0.0136792   0.0820747   0.0111457   0   0   0   0   0   0   0   0.0148913   0.0264528   0.0269987   0.0195201   0.0172415   0.0148122   0.018323   0.0119393   0.0194077   0.0197733   0   0   0   0   0   0   0   0   0   0   0   0   0   0   0   0.00863153   0   0   0   0   0   0   0   0.0645992   0.031398   0.0117111   0.0100547   0.0170381   0.12851   0.0218407   0.0803217   
0   1L1W_1   GUA   2   H3'   4.69   4.14   1 0 0 0   -0.022266   0.0520454   0.0990784   0.761703   0.102062   0.0547298   0   0.0156548   0.107273   0   0.0177622   0.011484   0   0.0348172   0   0   0.0103797   0.015141   0.0425515   0   0   0   0   0   0   0   0   0   0   0   0   0   0   0   0   0   0   0   0   0   0   0   0.0127746   0.0450317   0.0297276   0   0   0   0.0176375   0.0202554   0.00860097   0   0   0   0   0   0   0   0   0   0   0   0   0   0   0   0   0   0   
0   1L1W_1   GUA   2   H2'   4.53   4.02   1 0 0 0   -0.0330011   0.0943457   0.782127   0.095196   0.0273173   0.01046   0   0   0.0399433   0.0156978   0.0414705   0.0153557   0   0.0201095   0.00850209   0.00991501   0.04251   0.011546   0.0569712   0   0   0   0   0   0   0   0   0   0   0   0   0   0   0   0   0   0   0   0.0225058   0.00925118   0.0113862   0.0256012   0.0314601   0.0225595   0.0418466   0   0.00870869   0   0.0172815   0.0373523   0.0212223   0   0   0   0   0   0   0   0   0   0   0   0   0   0   0   0   0   0   
0   1L1W_1   GUA   2   H1'   5.82   5.05   1 0 0 0   -0.053353   0.769617   0.106137   0.0279808   0.0329515   0.0113765   0   0.00813558   0.0113408   0.0435007   0.0598079   0.0237499   0.00807278   0.027553   0.0142946   0.0387344   0.067937   0.012818   0.114884   0   0   0   0   0   0   0   0   0   0   0   0   0   0   0   0   0   0   0   0   0   0   0   0   0   0   0   0   0   0   0   0   0   0   0   0   0   0   0   0   0   0   0   0   0   0   0   0   0   0.00858614   
0   1L1W_1   GUA   2   H8   7.42   7.69   1 0 0 0   -0.0906099   0.0538952   0.0401314   0.0340712   0.0268368   0.026878   0.00881896   0.015167   0.00843816   0.0116042   0.0545534   0.0512665   0.0223563   0.813675   0.00990876   0   0.0281376   0.127246   0.121727   0   0   0   0   0   0   0   0   0   0   0   0   0   0   0   0   0   0   0   0   0   0   0   0   0   0   0   0   0   0.0114548   0.00854285   0   0   0   0   0   0   0   0   0   0   0   0   0   0   0   0   0   0   0   
0   1L1W_1   GUA   2   H1   13.1   12.36   1 0 0 0   -0.111936   0   0   0   0   0   0   0   0   0.111918   0.0202176   0.028261   0.12348   0   0.981894   0.0640556   0.0278584   0.0104054   0   0.0802343   0   0   0   0   0   0   0   0   0.0112568   0   0   0.0127547   0   0.0180244   0   0.0129212   0   0   0.00917607   0   0   0   0   0   0   0   0.0246891   0.0138316   0.00970729   0.00984744   0.0143565   0.0239787   0.00937325   0.017562   0   0   0   0   0   0   0   0.0864257   0.0525131   0.0260992   0.0233395   0.0333848   0.152981   0.0359608   0.0943466   
0   1L1W_1   URA   3   H3'   4.53   4.14   0 0 0 1   -0.0401516   0   0   0   0   0.0110673   0.0452337   0.0260697   0   0   0   0   0   0.0128625   0   0   0   0.00934948   0   0   0   0   0   0   0   0   0   0   0   0   0   0   0   0   0   0   0   0   0.0529924   0.0999979   0.76637   0.100702   0.0494175   0.0156091   0.0596636   0.111193   0.0160872   0.00867654   0.0155501   0.0375671   0.0406296   0.00922826   0   0   0   0   0   0   0   0   0   0   0   0   0   0   0   0   0   
0   1L1W_1   URA   3   H2'   4.73   4.02   0 0 0 1   -0.0608188   0.0203246   0.00896393   0.0115082   0.0218362   0.0275684   0.0259609   0.0494235   0   0   0.0102446   0.00959141   0   0.0454598   0   0   0   0.0193356   0.0243685   0   0   0   0   0   0   0   0   0   0   0   0   0   0   0   0   0   0   0   0.093162   0.774334   0.0956994   0.0271536   0.0101297   0   0.0092254   0.0404742   0.0439439   0.00944712   0.0108028   0.0214816   0.0585288   0.0161825   0   0   0   0   0   0   0   0   0   0   0   0   0   0   0   0   0   
0   1L1W_1   URA   3   H1'   5.56   5.6   0 0 0 1   -0.0442737   0   0.00815424   0   0   0   0   0   0   0.0336469   0.01218   0.0080858   0.00883838   0.00816934   0.017008   0.0484859   0.0252618   0   0   0   0   0   0   0   0   0   0   0   0   0   0   0   0   0   0   0   0   0   0.798249   0.0922667   0.0278892   0.0334099   0.0115501   0   0.00931482   0.0110875   0.0583287   0.00981279   0.0126566   0.03151   0.119538   0.0169101   0   0   0   0   0   0   0   0   0   0   0   0   0   0   0   0   0.012278   
0   1L1W_1   URA   3   H3   13.47   13.15   0 0 0 1   -0.121864   0   0   0   0   0   0   0   0   0.020339   0.0194891   0.0470884   0.0477625   0.0218278   0.0338433   0   0.0104889   0.0375654   0.0155639   0.0464612   0   0   0   0   0   0   0   0   0.0345029   0.0102473   0.0153728   0.0542144   0   0.132167   0.0125103   0.0577842   0   0   0.0107551   0   0   0   0   0   0   0   0.115481   0.113969   0.0277303   0.0191662   0.0282682   0.9729   0.0649607   0   0   0   0   0   0   0   0   0.0120104   0.0102763   0   0   0   0.0158681   0.00938623   0.0120341   
0   1L1W_1   URA   3   H5   5.1   5.95   0 0 0 1   -0.0995964   0.0101754   0.0117415   0.0138916   0   0   0   0   0.0084479   0.00847616   0.0205844   0.0266533   0.0152467   0.0276639   0.00950776   0   0.0111358   0.0322868   0.0204438   0.0107643   0   0   0   0   0   0   0   0   0   0   0   0   0   0   0   0   0   0   0.0106874   0   0   0   0   0.0098109   0.0128183   0   0.0174757   0.0933013   0.834084   0.115699   0.0276731   0.0261825   0.0492408   0   0   0   0   0   0   0   0   0   0   0   0   0   0   0   0   
0   1L1W_1   URA   3   H6   7.69   7.85   0 0 0 1   -0.0774881   0.0162423   0.0338223   0.02772   0.00959508   0   0   0   0.0190847   0.0129582   0.0238926   0.0159059   0.00991517   0.0148361   0.00963364   0.00813803   0.0204207   0.0122779   0.021897   0   0   0   0   0   0   0   0   0   0   0   0   0   0   0   0   0   0   0   0.0500853   0.0205261   0.0266183   0.0332173   0.0298531   0.0249205   0.0712501   0.00975065   0.0256103   0.0253962   0.111971   0.810679   0.10308   0.0182285   0.0113366   0   0   0   0   0   0   0   0   0   0   0   0   0   0   0   0   
0   1L1W_1   GUA   4   H3'   4.56   4.14   1 0 0 0   -0.0504386   0.0516493   0.0996368   0.765766   0.100443   0.0487528   0.0154889   0.058362   0.111039   0   0.0165491   0.011154   0   0.0376406   0   0   0.00946076   0.0156928   0.0410791   0   0   0   0   0   0.0112707   0.0446711   0.0258157   0   0   0   0   0   0.0114068   0   0   0   0   0   0   0   0   0   0   0   0   0   0   0   0   0   0   0   0   0   0   0   0   0   0   0   0   0   0   0   0   0   0   0   0   
0   1L1W_1   GUA   4   H2'   4.6   4.02   1 0 0 0   -0.0505708   0.0938882   0.776857   0.0961037   0.0274799   0.0101568   0   0.0090687   0.0405732   0.0147875   0.0419139   0.0165134   0.0083572   0.0229409   0.00850387   0.00905666   0.0380862   0.0129756   0.0602939   0   0.0207495   0.00900193   0.0112757   0.0238925   0.0296269   0.0264398   0.0509476   0   0   0.00893121   0.00802325   0   0.0350202   0   0   0   0.0151664   0.0212988   0   0   0   0   0   0   0   0   0   0   0   0   0   0   0   0   0   0   0   0   0   0   0   0   0   0   0   0   0   0   0   
0   1L1W_1   GUA   4   H1'   5.75   5.05   1 0 0 0   -0.0736239   0.767125   0.0961741   0.0280861   0.0338985   0.0113939   0   0.00877389   0.0113202   0.0141225   0.0491534   0.0158121   0   0.0267846   0   0.00863981   0.0442983   0.0126569   0.108445   0   0   0   0   0   0   0   0   0   0.0126684   0   0   0   0   0.00808589   0.00820451   0   0   0   0   0   0   0   0   0   0   0   0.00821407   0   0   0   0   0   0   0   0   0   0   0   0   0   0   0   0   0   0   0   0   0   0   
0   1L1W_1   GUA   4   H8   7.68   7.69   1 0 0 0   -0.101213   0.0396943   0.018816   0.0242037   0.026138   0.0229899   0.0202664   0.0534134   0.009226   0   0.0301413   0.031609   0.0106461   0.799616   0   0   0.0109278   0.109493   0.099289   0   0   0   0   0   0   0   0   0   0   0   0   0   0   0   0   0   0   0   0.0164764   0.0346697   0.0211794   0.00806416   0   0   0   0.015129   0.0266026   0.0109975   0.00988175   0.0129856   0.0218801   0.0175816   0   0   0   0   0   0   0   0   0   0   0   0   0   0   0   0   0   
0   1L1W_1   GUA   4   H1   12.05   12.36   1 0 0 0   -0.104012   0   0   0   0   0   0   0   0   0.11271   0.0204088   0.0283126   0.11384   0   0.974018   0.0638493   0.0280594   0.01041   0   0.067054   0.00853751   0   0   0   0   0   0   0   0.034038   0.0441984   0.054997   0.0540886   0.0256028   0.0406547   0.0337609   0.0359962   0.0347235   0.0277329   0   0   0   0   0   0   0   0   0   0   0   0   0   0   0   0.00907598   0   0   0   0   0   0   0   0.0690655   0.0318051   0.0120461   0.0104632   0.0178358   0.140064   0.0215935   0.0879429   
0   1L1W_1   ADE   5   H3'   4.54   4.14   0 1 0 0   -0.0207305   0   0   0   0   0   0   0   0   0   0   0   0   0   0   0   0   0   0   0   0.049114   0.0989647   0.765169   0.100543   0.0494634   0.0147181   0.0540569   0.108983   0   0.0151034   0.00978641   0   0.0299744   0   0.00912636   0   0.0129637   0.0360023   0   0   0   0   0   0   0   0   0   0   0   0   0   0   0   0   0   0   0   0.0128136   0.0452169   0.0306644   0   0   0   0.0157926   0.0188965   0.00844767   0   0   0   
0   1L1W_1   ADE   5   H2'   4.48   4.02   0 1 0 0   -0.0308909   0   0   0   0   0   0   0   0   0   0   0   0   0   0   0   0   0   0   0   0.094721   0.781319   0.0970613   0.0278029   0.0102961   0   0.00905073   0.0404496   0.0150936   0.0423315   0.0160524   0.00843221   0.0221352   0.00839015   0.0398798   0   0.0124059   0.0607168   0   0   0   0   0   0   0   0   0   0   0   0   0   0   0   0.0239977   0.00997068   0.0123368   0.0281045   0.0342126   0.0243053   0.0485195   0   0.00910566   0   0.0168309   0.0372647   0.0227245   0   0   0   
0   1L1W_1   ADE   5   H1'   5.95   5.03   0 1 0 0   -0.0705019   0   0   0   0   0   0   0   0   0.0199706   0.00862031   0   0   0   0.00992097   0.0314392   0.0177853   0   0   0   0.768991   0.0967813   0.0283256   0.0351453   0.0115844   0   0.00901514   0.0116853   0.0134449   0.0475214   0.015794   0   0.0272258   0   0.0405659   0   0.0128321   0.107671   0   0   0   0   0   0   0   0   0   0   0   0   0   0   0   0   0   0   0   0   0   0   0   0   0   0   0   0   0   0   0.00841693   
0   1L1W_1   ADE   5   H8   8.02   8.6   0 1 0 0   -0.138152   0.0143151   0.0278026   0.0181105   0   0   0   0   0.0130973   0.0154217   0.0255479   0.0183395   0.0122429   0.014425   0.0119097   0.00936062   0.0224001   0.0132369   0.0203265   0   0.0393532   0.0177081   0.020655   0.0233792   0.0199123   0.0182132   0.044875   0.0080091   0   0.0299239   0.0315176   0.010612   0.795925   0   0.0108169   0   0.109594   0.0982556   0   0   0   0   0   0   0   0   0   0   0   0   0   0   0   0   0   0   0   0   0   0   0   0   0.00821176   0.0135842   0.0101221   0   0   0   0   
0   1L1W_1   ADE   5   H2   8.1   8.68   0 1 0 0   -0.140112   0   0   0   0   0   0   0   0   0   0   0   0   0   0   0.0088797   0   0   0   0   0   0   0   0   0   0   0   0   0.794268   0.0297006   0.0186476   0.0284837   0   0.115381   0.115088   0.0121523   0   0.0110898   0   0   0   0   0   0   0   0   0   0   0   0   0   0   0   0.0386028   0.0170909   0   0   0   0   0   0   0.0470239   0   0   0.00959024   0.0317416   0.0287295   0   0.0757231   
0   1L1W_1   CYT   6   H3'   4.32   4.14   0 0 1 0   -0.0106851   0   0   0   0   0   0   0   0   0   0   0   0   0   0   0   0   0   0   0   0   0   0   0   0   0   0   0   0   0   0   0   0   0   0   0   0   0   0   0   0   0   0   0   0   0   0   0   0   0   0   0   0   0.0494108   0.0994838   0.766016   0.100169   0.0601188   0.0585428   0.0819125   0.110467   0.0145036   0.00824746   0.0249061   0.0483894   0.0362092   0.00830499   0   0.00993807   
0   1L1W_1   CYT   6   H2'   4.46   4.02   0 0 1 0   -0.0316515   0   0   0   0   0   0   0   0   0   0   0   0   0   0   0   0   0   0   0   0   0   0   0   0   0   0   0   0   0   0   0   0   0   0   0   0   0   0   0   0   0   0   0   0   0   0   0   0   0   0   0   0   0.11827   0.791857   0.108792   0.0519991   0.0385452   0.0267827   0.0602898   0.040243   0.0521666   0.0192764   0.0318927   0.0669132   0.084182   0.016032   0   0.0444595   
0   1L1W_1   CYT   6   H1'   5.56   5.28   0 0 1 0   -0.0459144   0   0   0   0   0   0   0   0   0   0   0   0   0   0   0   0   0   0   0   0   0.00824211   0   0   0   0   0   0   0.0387242   0.0139907   0.0095818   0.0112467   0   0.0210929   0.0282784   0   0   0   0   0   0   0   0   0   0   0   0   0   0   0   0   0   0   0.76587   0.0973406   0.0283636   0.0348482   0.0116125   0   0.0090163   0.0116078   0.0533844   0.00971282   0.0113361   0.0274728   0.104431   0.0159429   0   0.0694086   
0   1L1W_1   CYT   6   H5   5.31   6.2   0 0 1 0   -0.0714841   0   0   0   0   0   0   0   0   0   0   0   0   0   0   0   0   0   0   0   0.00863998   0.0100316   0.0114808   0   0   0   0.00828567   0   0   0.0147427   0.0190705   0.0110856   0.0244364   0   0.00813695   0.00838505   0.0268996   0.0161631   0   0   0   0   0   0   0   0   0   0   0   0   0   0   0   0.010021   0   0   0   0   0.00842215   0.0112821   0   0.0170949   0.0906475   0.802334   0.106101   0.0261501   0.0250827   0.058213   0   
0   1L1W_1   CYT   6   H6   7.76   7.8   0 0 1 0   -0.0587951   0   0   0   0   0   0   0   0   0   0   0   0   0   0   0   0   0   0   0   0.0149472   0.0302057   0.0244395   0.00888719   0   0   0   0.0169074   0.01081   0.0209572   0.0150601   0.00943624   0.01551   0.0083868   0.0165343   0   0.0127036   0.0205304   0   0   0   0   0   0   0   0   0   0   0   0   0   0   0   0.0481254   0.0218934   0.0281047   0.0323558   0.0279778   0.0231844   0.0671787   0.0100977   0.0256061   0.0263008   0.109739   0.804404   0.102298   0.0178002   0.0110717   0.011549   
0   1L1W_1   CYT   7   H3'   4.45   4.14   0 0 1 0   -0.00987526   0   0   0   0   0   0   0   0   0   0   0   0   0   0   0   0   0   0   0   0   0   0   0   0   0   0   0   0   0   0   0   0   0   0   0   0   0   0   0   0   0   0.0114988   0.0439151   0.0270795   0   0   0   0.0127109   0.0147557   0   0   0   0.0481974   0.0988874   0.766924   0.100744   0.0495988   0.0143247   0.0531619   0.109756   0.0132928   0   0.0135605   0.0343126   0.0334386   0   0   0.00935791   
0   1L1W_1   CYT   7   H2'   4.5   4.02   0 0 1 0   -0.0286983   0   0   0   0   0   0   0   0   0   0   0   0   0   0   0   0   0   0   0   0   0   0   0   0   0   0   0   0   0   0   0   0   0   0   0   0   0   0.0247662   0.0102359   0.0126   0.0261663   0.0303758   0.0257249   0.051081   0   0.0105468   0.00910391   0.0205636   0.0445286   0.0263229   0   0   0.0950573   0.780676   0.097259   0.0278188   0.0103213   0   0.00910321   0.0399724   0.0405716   0.00996626   0.0117   0.024871   0.0608459   0.0153947   0   0.0420242   
0   1L1W_1   CYT   7   H1'   5.65   5.28   0 0 1 0   -0.0444778   0   0   0   0   0   0   0   0   0   0   0   0   0   0   0   0   0   0   0   0   0   0   0   0   0   0   0   0.0254044   0   0   0.00841153   0   0.0191052   0.0125062   0   0   0   0   0   0   0   0   0   0   0   0   0   0   0   0   0   0   0.766744   0.106196   0.0286609   0.0361769   0.0118053   0   0.00916419   0.0118512   0.0649792   0.00987937   0.0113761   0.0272303   0.104746   0.0162994   0   0.0826398   
0   1L1W_1   CYT   7   H5   5.59   6.2   0 0 1 0   -0.0649295   0   0   0   0   0   0   0   0   0   0   0   0   0   0   0   0   0   0   0   0   0   0   0   0   0   0   0   0   0   0   0   0   0   0   0   0   0   0   0   0   0   0   0   0   0   0   0.012835   0.0137449   0   0   0   0.0157568   0.0100175   0.00995729   0.00860224   0   0   0   0.0100445   0   0.0347659   0.113731   0.811756   0.122184   0.0412778   0.0468667   0.0649021   0.0112109   
0   1L1W_1   CYT   7   H6   7.66   7.8   0 0 1 0   -0.0660029   0   0   0   0   0   0   0   0   0   0   0   0   0   0   0   0   0   0   0   0   0   0   0   0   0   0   0   0   0   0   0   0   0   0   0   0   0   0   0   0   0   0   0   0   0   0   0   0.0114284   0.00901517   0   0   0   0.0612196   0.0512181   0.0466721   0.0308784   0.0252025   0.0208691   0.0595832   0.0241728   0.0440921   0.0351307   0.116938   0.81151   0.118369   0.030634   0.0109993   0.0295724   
0   1L1W_1   URA   8   H3'   4.59   4.14   0 0 0 1   -0.0105846   0   0   0   0   0   0   0   0   0   0   0   0   0   0   0   0   0   0   0   0   0   0   0   0   0   0   0   0   0   0   0   0   0   0   0   0   0   0.0488207   0.0992487   0.765849   0.10044   0.0494687   0.0148964   0.0560423   0.11067   0.0132578   0   0.0148894   0.0382354   0.0344753   0   0   0   0   0   0   0.0106238   0.043517   0.0244324   0   0   0   0.0102751   0.0118751   0   0   0   0   
0   1L1W_1   URA   8   H2'   4.12   4.02   0 0 0 1   -0.0260915   0   0   0   0   0   0   0   0   0   0   0   0   0   0   0   0   0   0   0   0   0   0   0   0   0   0   0   0   0   0   0   0   0   0   0   0   0   0.0949812   0.782812   0.0963639   0.0276214   0.0102586   0   0.00917499   0.0395103   0.037842   0.00948737   0.0120146   0.0256047   0.0594822   0.0147513   0   0.02215   0.00947445   0.0116641   0.0221858   0.025918   0.0261609   0.0483537   0   0.0103254   0.0102122   0.0235639   0.0477977   0.0253738   0   0   0   
0   1L1W_1   URA   8   H1'   5.61   5.6   0 0 0 1   -0.0484349   0   0   0   0   0   0   0   0   0.0216159   0   0   0   0   0.0134739   0.050632   0.0119439   0   0   0   0   0   0   0   0   0   0   0   0   0   0   0   0   0   0   0   0   0   0.769259   0.0980482   0.0287385   0.0358607   0.0117356   0   0.00903536   0.0117714   0.0550882   0.00906495   0.0111325   0.0267495   0.103779   0.0159803   0   0   0.00880469   0   0   0   0   0   0   0.012287   0   0   0   0   0.00915871   0   0.0228037   
0   1L1W_1   URA   8   H3   11.94   13.15   0 0 0 1   -0.0958688   0   0   0   0   0   0   0   0   0.0324486   0.0183264   0.0290957   0.0814676   0   0.0889997   0.0221557   0.0180433   0.00801243   0   0.157958   0   0   0   0   0   0   0   0   0   0   0   0   0   0   0   0   0   0   0.0105676   0   0   0   0   0   0   0   0.112185   0.116351   0.0277427   0.0191203   0.0278938   0.967721   0.0672538   0   0   0   0   0   0   0   0   0.0246549   0.0474669   0.0208106   0.0135334   0.0122789   0.0430991   0.0482183   0.0090517   
0   1L1W_1   URA   8   H5   5.73   5.95   0 0 0 1   -0.0433946   0   0   0   0   0   0   0   0   0   0   0   0   0   0   0   0   0   0   0   0   0   0   0   0   0   0   0   0   0   0   0   0   0   0   0   0   0   0.0100463   0   0   0   0   0   0.0108607   0   0.0170082   0.0946347   0.794206   0.106056   0.0261371   0.0259441   0.0511349   0.00826065   0.0102753   0.00994486   0   0   0   0   0   0.0137389   0.0186549   0.0335605   0.020666   0.0152372   0.014895   0.0219881   0.00849027   
0   1L1W_1   URA   8   H6   7.95   7.85   0 0 0 1   -0.0507192   0   0   0   0   0   0   0   0   0   0   0   0   0   0   0   0   0   0   0   0   0   0   0   0   0   0   0   0   0   0   0   0   0   0   0   0   0   0.0486743   0.024412   0.0321598   0.0330206   0.0271357   0.0219629   0.0651421   0.0112258   0.0256113   0.0251871   0.109303   0.800981   0.102387   0.0181504   0.0112193   0.013149   0.0282043   0.0195965   0   0   0   0   0.0148447   0.016492   0.00888238   0.0183203   0.0125972   0.0165995   0.0114858   0   0.0148197   
0   1L1W_1   CYT   9   H3'   4.55   4.14   0 0 1 0   -0.0084528   0   0   0   0   0   0   0   0   0   0   0   0   0   0   0   0   0   0   0   0   0   0   0   0   0   0   0   0   0   0   0   0   0   0   0   0   0   0   0.00802216   0   0   0   0   0   0   0   0   0   0   0   0   0   0.049248   0.0993505   0.766804   0.100502   0.0602434   0.0587691   0.0814465   0.110656   0.0132549   0   0.0251589   0.050141   0.0344773   0   0   0.00917977   
0   1L1W_1   CYT   9   H2'   4.36   4.02   0 0 1 0   -0.025947   0   0   0   0   0   0   0   0   0   0   0   0   0   0   0   0   0   0   0   0   0   0   0   0   0   0   0   0   0   0   0   0   0   0   0   0   0   0   0   0   0   0   0   0   0   0   0   0   0   0   0   0   0.117957   0.791943   0.108869   0.0526289   0.039535   0.0262947   0.0604391   0.0400761   0.0482401   0.0189102   0.0324626   0.0695149   0.084616   0.014875   0   0.0387844   
0   1L1W_1   CYT   9   H1'   5.53   5.28   0 0 1 0   -0.0458296   0   0   0   0   0   0   0   0   0.0211265   0   0   0   0   0.0134512   0.0450862   0.0120602   0   0   0   0   0   0   0   0   0   0   0   0   0   0   0   0   0   0   0   0   0   0   0.00862158   0   0   0   0   0   0   0.00868384   0   0   0   0   0   0   0.767263   0.0975791   0.0288733   0.0366967   0.0119047   0   0.00908235   0.011799   0.0547619   0.00983235   0.0112694   0.0268706   0.103865   0.016308   0   0.0630165   
0   1L1W_1   CYT   9   H5   5.68   6.2   0 0 1 0   -0.0504733   0   0   0   0   0   0   0   0   0   0   0   0   0   0   0   0   0   0   0   0   0   0   0   0   0   0   0   0   0   0   0   0   0   0   0   0   0   0.00881854   0.0110887   0.00902592   0   0   0   0   0   0.0181387   0.023651   0.0232875   0.019636   0.0169343   0.0211473   0.0156852   0.0100432   0   0   0   0   0   0.0100222   0   0.0171465   0.100244   0.806464   0.105988   0.0261835   0.0250737   0.0616101   0   
0   1L1W_1   CYT   9   H6   7.98   7.8   0 0 1 0   -0.0558497   0   0   0   0   0   0   0   0   0   0   0   0   0   0   0   0   0   0   0   0   0   0   0   0   0   0   0   0   0   0   0   0   0   0   0   0   0   0.0128691   0.0286563   0.0173956   0   0   0   0   0.0137467   0.0156851   0   0.00824161   0.0110079   0.0151989   0.0107099   0   0.0484471   0.0243209   0.0315752   0.0316203   0.0253307   0.0203757   0.0588439   0.0110827   0.0257003   0.0261647   0.119099   0.807264   0.10251   0.0177566   0.0110226   0.0116215   
0   1L1W_1   CYT   10   H3'   4.42   4.14   0 0 1 0   -0.0218818   0   0   0   0   0   0   0   0   0   0   0   0   0   0   0   0   0   0   0   0   0   0   0   0   0   0   0   0   0   0   0   0   0   0   0   0   0   0   0   0   0   0   0   0   0   0   0   0   0   0   0   0   0.0496156   0.0991805   0.766223   0.100435   0.0607403   0.0592454   0.082079   0.110053   0.0138293   0   0.0256503   0.0500454   0.0350986   0   0   0.00967684   
0   1L1W_1   CYT   10   H2'   4.35   4.02   0 0 1 0   -0.033886   0   0   0   0   0   0   0   0   0   0   0   0   0   0   0   0   0   0   0   0   0   0   0   0   0   0   0   0   0   0   0   0   0   0   0   0   0   0   0   0   0   0   0   0   0   0   0   0   0   0   0   0   0.117529   0.7902   0.108271   0.05237   0.0407857   0.0253037   0.0579054   0.0401675   0.0502439   0.0182641   0.030351   0.0657368   0.0835602   0.0153173   0   0.0433952   
0   1L1W_1   CYT   10   H1'   5.45   5.28   0 0 1 0   -0.0452326   0   0   0   0   0   0   0   0   0.0185269   0   0   0   0   0.0111618   0.0420082   0.0112396   0   0   0   0   0   0   0   0   0   0   0   0   0   0   0   0   0   0   0   0   0   0   0   0   0   0   0   0   0   0   0   0   0   0   0   0   0.767785   0.105925   0.028719   0.0361997   0.0117795   0   0.00903752   0.0117323   0.0644615   0.009879   0.0114034   0.0273053   0.104491   0.016257   0   0.079845   
0   1L1W_1   CYT   10   H5   5.5   6.2   0 0 1 0   -0.0653852   0   0   0   0   0   0   0   0   0   0   0   0   0   0   0   0   0   0   0   0   0   0   0   0   0   0   0   0   0   0   0   0   0   0   0   0   0   0   0   0   0   0   0   0   0   0   0   0   0   0   0   0   0.0186766   0.0104464   0.00918684   0   0   0   0.00998475   0   0.0337459   0.124242   0.832502   0.128472   0.0432282   0.0440359   0.0764556   0.00997729   
0   1L1W_1   CYT   10   H6   7.82   7.8   0 0 1 0   -0.0647601   0   0   0   0   0   0   0   0   0   0   0   0   0   0   0   0   0   0   0   0   0   0   0   0   0   0   0   0   0   0   0   0   0   0   0   0   0   0   0   0   0   0   0   0   0   0   0   0   0   0   0   0   0.0618413   0.0522051   0.0481002   0.0310847   0.025239   0.0205133   0.0585207   0.0246205   0.0431621   0.0353293   0.129228   0.822444   0.119827   0.0297348   0.0110349   0.0273341   
0   1L1W_1   CYT   11   H5'   4.47   3.78   0 0 1 0   -0.0177635   0   0   0   0   0   0.0108862   0   0   0   0   0   0   0   0   0   0   0   0   0   0   0   0   0   0   0   0   0   0   0   0   0   0   0   0   0   0   0   0   0   0   0   0   0   0   0   0   0   0   0   0   0   0   0.0252943   0.0428771   0.0441223   0.109831   0.77055   0.0402905   0.113212   0.050523   0   0   0   0.0092402   0.0085034   0   0   0   
0   1L1W_1   CYT   11   H5''   4.1   3.58   0 0 1 0   -0.0156112   0   0   0   0   0   0.0402352   0.0109254   0   0   0   0   0   0   0   0   0   0   0   0   0   0   0   0   0   0   0   0   0   0   0   0   0   0   0   0   0   0   0   0   0   0   0   0   0   0   0   0   0   0   0   0   0   0.011502   0.0232257   0.0507462   0.0976685   0.779668   0.0391619   0.114716   0.051393   0   0   0   0   0   0   0   0   
0   1L1W_1   CYT   11   H4'   4.4   4   0 0 1 0   -0.0320013   0   0   0   0   0   0.0223966   0.00892563   0   0   0   0   0   0   0   0   0   0   0   0   0   0   0   0   0   0   0   0   0   0   0   0   0   0   0   0   0   0   0   0   0   0   0   0   0   0   0   0   0   0   0   0   0   0.0462697   0.0644544   0.10909   0.775446   0.0968088   0.00893258   0.0262376   0.0605258   0   0   0   0.00976213   0.0139821   0   0   0   
0   1L1W_1   CYT   11   H3'   4.57   4.14   0 0 1 0   -0.0309356   0.0191585   0   0   0.0141159   0.0115989   0.0411644   0.0145201   0   0   0.00861598   0   0   0.0332975   0   0   0   0.0150722   0.0196425   0   0   0   0   0   0   0   0   0   0   0   0   0   0   0   0   0   0   0   0   0   0   0   0   0   0   0   0   0   0   0   0   0   0   0.0471907   0.100214   0.768835   0.0981094   0.0464399   0.0147159   0.0539918   0.108885   0.0132804   0   0.0131132   0.0319411   0.0322576   0   0   0.00940867   
0   1L1W_1   CYT   11   H2'   4.48   4.02   0 0 1 0   -0.0456457   0.0562461   0.0143445   0.00880377   0.0155924   0   0.0119873   0   0   0   0.0257545   0.0167485   0   0.0489131   0   0.00947979   0.013587   0.0217241   0.0598847   0   0   0   0   0   0   0   0   0   0   0   0   0   0   0   0   0   0   0   0   0   0   0   0   0   0   0   0   0   0   0   0   0   0   0.0984709   0.790956   0.0958323   0.0281616   0.0102713   0   0.0093515   0.0404985   0.0433866   0.0104974   0.0119728   0.0249815   0.0626457   0.0164625   0   0.0445014   
0   1L1W_1   CYT   11   H1'   5.47   5.28   0 0 1 0   -0.0443237   0   0   0   0   0   0   0   0   0.0219828   0   0   0   0   0.0132924   0.0469604   0.01295   0   0   0   0   0   0   0   0   0   0   0   0   0   0   0   0   0   0   0   0   0   0   0   0   0   0   0   0   0   0   0   0   0   0   0   0   0.774985   0.10761   0.0287711   0.0367391   0.0121019   0   0.0091741   0.0121575   0.0654221   0.00978941   0.0113182   0.0272544   0.105296   0.0242777   0   0.0822505   
0   1L1W_1   CYT   11   H5   5.45   6.2   0 0 1 0   -0.0864346   0   0   0   0   0   0   0   0   0   0   0.0093921   0   0.0122094   0   0   0   0.0196318   0   0.0209564   0   0   0   0   0   0   0   0   0   0   0   0   0   0   0   0   0   0   0   0   0   0   0   0   0   0   0   0   0   0   0   0   0   0.0185683   0.0100332   0.00937001   0   0   0   0.00970924   0   0.0337252   0.115113   0.822   0.128979   0.0433373   0.0444327   0.0645164   0.0097786   
0   1L1W_1   CYT   11   H6   7.78   7.8   0 0 1 0   -0.0863937   0   0   0   0   0   0   0   0   0   0   0   0   0.0158303   0   0   0   0.0147493   0   0   0   0   0   0   0   0   0   0   0   0   0   0   0   0   0   0   0   0   0   0   0   0   0   0   0   0   0   0   0   0   0   0   0   0.0620335   0.0519444   0.0471234   0.0297436   0.0247551   0.0206183   0.0567525   0.0243652   0.0448825   0.0360909   0.118603   0.813219   0.121174   0.0309989   0.0109431   0.0285398   
0   1L1W_1   GUA   12   H5'   4.19   3.78   1 0 0 0   -0.0266081   0.0119045   0.0138567   0.0492373   0.101999   0.783946   0.0500981   0.134229   0.0407323   0   0   0   0   0   0   0   0   0   0   0   0   0   0   0   0   0   0   0   0   0   0   0   0   0   0   0   0   0   0   0   0   0   0   0   0   0   0   0   0   0   0   0   0   0   0   0   0   0   0   0   0.0136236   0   0   0   0   0   0   0   0   
0   1L1W_1   GUA   12   H4'   4.12   4   1 0 0 0   -0.0705448   0.0584084   0.0472467   0.0995428   0.76472   0.0988407   0.0391259   0.055929   0.0569566   0   0   0   0   0.00898843   0   0   0   0   0.0153211   0   0   0   0   0   0   0   0   0   0   0   0   0   0   0   0   0   0   0   0   0   0   0   0   0   0   0   0   0   0   0   0   0   0   0   0.0137016   0.0149954   0   0   0   0   0.0366596   0   0   0   0   0   0   0   0   
0   1L1W_1   GUA   12   H3'   4.45   4.14   1 0 0 0   -0.0531978   0.0520519   0.100744   0.782786   0.124554   0.0927948   0.0559033   0.0571678   0.10811   0   0.00914189   0   0   0.0410039   0   0   0   0.0144458   0.0337644   0   0   0   0   0   0   0   0   0   0   0   0   0   0   0   0   0   0   0   0   0   0   0   0   0   0   0   0   0   0   0   0   0   0   0   0   0   0   0   0   0   0   0   0   0   0   0   0   0   0   
0   1L1W_1   GUA   12   H2'   4.62   4.02   1 0 0 0   -0.0921066   0.130961   0.78523   0.108762   0.0490355   0.0277241   0.0139111   0.018681   0.0334693   0.0143616   0.0585473   0.0286963   0.00827316   0.0607958   0.00834547   0.00869899   0.0464362   0.0303746   0.0993441   0   0   0   0   0   0   0   0   0   0   0   0   0   0   0   0   0   0   0   0   0   0   0   0   0   0   0   0   0   0   0   0   0   0   0   0   0   0   0   0   0   0   0   0   0   0   0   0   0   0   
0   1L1W_1   GUA   12   H1'   5.69   5.05   1 0 0 0   -0.0535957   0.76064   0.0933605   0.0353747   0.0554589   0.0150309   0.0102678   0.0109829   0.0165175   0.0100842   0.0375476   0.0142419   0   0.030881   0   0.00862511   0.0274   0.0131846   0.103411   0   0   0   0   0   0   0   0   0   0   0   0   0   0   0   0   0   0   0   0   0   0   0   0   0   0   0   0   0   0   0   0   0   0   0.0128567   0.0405581   0.0218726   0.00826655   0   0   0   0.0250344   0.0104792   0   0   0   0.010284   0   0   0.0132175   
0   1L1W_1   GUA   12   H8   7.48   7.69   1 0 0 0   -0.105827   0.0429302   0.0151433   0.0107944   0.0157946   0.0103711   0.0121106   0.00813795   0   0   0.0402995   0.0500855   0.0240561   0.825603   0   0   0.0108929   0.140009   0.111644   0.0137622   0   0   0   0   0   0   0   0   0   0   0   0   0   0   0   0   0   0   0   0   0   0   0   0   0   0   0   0   0   0   0   0   0   0.0149128   0.0252568   0.0314218   0.0116131   0.00805129   0   0.0115351   0.0188555   0.0140542   0.0117271   0.0172484   0.0243476   0.0208015   0.0109502   0   0.00928144   
0   1L1W_1   GUA   12   H1   12.25   12.36   1 0 0 0   -0.11813   0   0   0   0   0   0   0   0   0.145786   0.0397708   0.0668033   0.17044   0.0101237   1.01789   0.0903434   0.0566292   0.0352784   0.0108071   0.143885   0   0   0   0   0   0   0   0   0   0   0   0   0   0   0   0   0   0   0   0   0   0   0   0   0   0   0   0   0   0   0   0   0   0   0   0   0   0   0   0   0   0.0377963   0.0456816   0.0139265   0.00975655   0.0131253   0.133335   0.0421018   0.0310561   
0   1L1W_1   GUA   13   H4'   4.45   4   1 0 0 0   -0.0848072   0.043477   0.0497774   0.106973   0.76555   0.0992301   0.0264945   0.0551216   0.0661773   0   0   0   0   0.0188053   0   0   0   0.00880663   0.0141135   0   0   0   0   0   0   0   0   0   0   0   0   0   0   0   0   0.0114405   0   0   0   0   0   0   0   0   0   0   0   0   0   0   0   0   0   0   0   0   0   0   0   0   0   0   0   0   0   0   0   0   0   
0   1L1W_1   GUA   13   H3'   4.59   4.14   1 0 0 0   -0.0513401   0.0497956   0.0993385   0.768427   0.101904   0.0609147   0.0447143   0.035996   0.109225   0   0.0145362   0.0107652   0   0.0409467   0   0   0   0.0165776   0.0381603   0   0   0   0   0   0   0   0   0   0   0   0   0   0   0   0   0   0   0   0   0   0   0   0   0   0   0   0   0   0   0   0   0   0   0   0   0   0   0   0   0   0   0   0   0   0   0   0   0   0   
0   1L1W_1   GUA   13   H2'   4.34   4.02   1 0 0 0   -0.0445883   0.102166   0.788244   0.106197   0.0354988   0.0213667   0.0217561   0.0277791   0.0386801   0.011356   0.0352654   0.0164826   0.00810951   0.0422977   0   0   0.025836   0.0233072   0.0695845   0   0   0   0   0   0   0   0   0   0   0   0.0124809   0.00865631   0.0149497   0   0   0.0101101   0.0252137   0   0   0   0   0   0   0   0   0   0   0   0   0   0   0   0   0   0   0   0   0   0   0   0   0   0   0   0   0   0   0   0   
0   1L1W_1   GUA   13   H1'   5.61   5.05   1 0 0 0   -0.174543   0.770294   0.104   0.0280986   0.0353858   0.0119496   0   0.00925771   0.0114157   0.024169   0.0573496   0.0230934   0.0136045   0.0257598   0.0192031   0.0166085   0.0547463   0.0121123   0.104137   0.0220799   0   0   0   0   0   0   0   0   0   0   0.0151126   0.0152504   0.0102309   0   0   0.0308612   0.0247801   0   0   0   0   0   0   0   0   0   0   0   0   0   0   0   0   0   0   0   0   0   0   0   0   0   0   0   0   0   0   0   0   
0   1L1W_1   GUA   13   H8   7.24   7.69   1 0 0 0   -0.111525   0.0568534   0.0452294   0.0566046   0.0440067   0.0389279   0.00955774   0.0141718   0.0224199   0   0.0401057   0.0396653   0.0106757   0.812145   0   0   0.0108114   0.119851   0.114908   0   0   0   0   0   0   0   0   0   0   0   0   0   0   0   0   0   0   0   0   0   0   0   0   0   0   0   0   0   0   0   0   0   0   0   0   0   0   0   0   0   0   0   0   0   0   0   0   0   0   
0   1L1W_1   GUA   14   H5'   4.1   3.78   1 0 0 0   -0.0146951   0.0164707   0.014837   0.0234911   0.103063   0.766134   0.0439008   0.114501   0.024624   0   0   0   0   0.00995417   0   0   0   0   0.0100904   0   0   0   0   0   0   0   0   0   0   0   0   0   0   0   0   0   0   0   0   0   0   0   0   0   0   0   0   0   0   0   0   0   0   0   0   0   0   0   0   0   0   0   0   0   0   0   0   0   0   
0   1L1W_1   GUA   14   H5''   4.2   3.58   1 0 0 0   -0.0244158   0.0134906   0.0199561   0.0457341   0.0990961   0.768953   0.0384891   0.113726   0.0290742   0   0   0   0   0   0   0   0   0   0   0   0   0   0   0   0   0   0   0   0   0   0   0   0   0   0   0   0   0   0   0   0   0   0   0   0   0   0   0   0   0   0   0   0   0   0   0   0   0   0   0   0   0   0   0   0   0   0   0   0   
0   1L1W_1   GUA   14   H4'   4.29   4   1 0 0 0   -0.0182016   0.0337702   0.0288083   0.0984387   0.766438   0.103702   0.00930258   0.0261211   0.0686787   0   0   0   0   0   0   0   0   0   0.0120188   0   0   0   0   0   0   0.0158352   0.00813542   0   0   0   0   0   0   0   0   0   0   0   0   0   0   0   0   0   0   0   0   0   0   0   0   0   0   0   0   0   0   0   0   0   0   0   0   0   0   0   0   0   0   
0   1L1W_1   GUA   14   H3'   4.57   4.14   1 0 0 0   -0.0610784   0.0273971   0.0975922   0.77258   0.0934554   0.0512261   0.0105759   0.0316076   0.109023   0   0   0   0   0   0   0   0   0   0.0106538   0   0   0   0   0   0.00849647   0.0411887   0.0181351   0   0   0   0   0   0   0   0   0   0   0   0   0   0   0   0   0   0   0   0   0   0   0   0   0   0   0   0   0   0   0   0   0   0   0   0   0   0   0   0   0   0   
0   1L1W_1   GUA   14   H2'   4.72   4.02   1 0 0 0   -0.0486351   0.106129   0.799299   0.112613   0.0508944   0.0373151   0.0181032   0.0686645   0.0409429   0   0.0156439   0.00978154   0   0.0422788   0   0   0.00880546   0.0142412   0.0509852   0   0.00848587   0   0   0   0   0.0120297   0.0115038   0   0   0.010557   0.0129797   0   0.0202983   0   0   0   0.0198612   0.0137143   0   0   0   0   0   0   0   0   0   0   0   0   0   0   0   0   0   0   0   0   0   0   0   0   0   0   0   0   0   0   0   
0   1L1W_1   GUA   14   H1'   5.56   5.05   1 0 0 0   -0.0881636   0.768933   0.103007   0.0511924   0.0426169   0.0135842   0   0.0115391   0.0514358   0.0156031   0.0523055   0.0157715   0   0.0246685   0.00801652   0.00963316   0.0526584   0.0120754   0.104317   0   0.0128047   0.00802633   0   0.0165312   0.0239122   0.0181168   0.0225544   0   0   0.0103566   0   0   0.00943129   0   0.00821776   0   0   0.0127016   0   0   0   0   0   0   0   0   0   0   0   0   0   0   0   0   0   0   0   0   0   0   0   0   0   0   0   0   0   0   0   
0   1L1W_1   GUA   14   H8   7.81   7.69   1 0 0 0   -0.0880478   0.0524112   0.070008   0.0379893   0.029598   0.019648   0.0267589   0.0540569   0.0422781   0   0.0299545   0.0315355   0.0106302   0.797007   0   0   0.0108456   0.109559   0.0987907   0   0   0   0   0   0   0   0   0   0   0.00982285   0.015003   0.0136015   0.00959855   0.00844315   0   0.0129032   0.0143687   0   0   0   0   0   0   0   0   0   0   0   0   0   0   0   0   0   0   0   0   0   0   0   0   0   0   0   0   0   0   0   0   
0   1L1W_1   ADE   15   H5'   4.11   3.78   0 1 0 0   -0.0444335   0.0194653   0.0164563   0.0160763   0.00944828   0   0   0   0.0393395   0   0.00868677   0   0   0   0   0   0.0136459   0   0.00963416   0   0.0165645   0.0146317   0.0231276   0.100142   0.767322   0.0424622   0.112766   0.011003   0   0   0   0   0   0   0   0   0   0.00902247   0   0   0   0   0   0   0   0   0   0   0   0   0   0   0   0   0   0   0   0   0   0   0   0   0   0   0   0   0   0   0   
0   1L1W_1   ADE   15   H5''   4.41   3.58   0 1 0 0   -0.0285648   0   0   0   0   0   0   0   0.0169477   0   0   0   0   0   0   0   0   0   0   0   0.0123075   0.0164504   0.0416734   0.0992171   0.767761   0.0366999   0.115374   0.0182192   0   0   0   0   0   0   0   0   0   0   0   0   0   0   0   0   0   0   0   0   0   0   0   0   0   0   0   0   0   0   0   0   0   0   0   0   0   0   0   0   0   
0   1L1W_1   ADE   15   H4'   4.42   4   0 1 0 0   -0.0406728   0   0   0   0   0   0.0152563   0.00924351   0   0   0   0   0   0   0   0.00905052   0.0104542   0   0   0   0.0384338   0.0294989   0.0963804   0.767295   0.102474   0.00911749   0.0265876   0.0691544   0   0   0   0   0   0   0.00804571   0   0   0.0124694   0   0   0   0   0   0   0   0   0   0   0   0   0   0   0   0   0   0   0   0   0   0   0   0   0   0   0   0   0   0   0   
0   1L1W_1   ADE   15   H3'   4.72   4.14   0 1 0 0   -0.093844   0   0   0   0   0   0.0405001   0.0136588   0   0   0   0   0   0   0   0   0   0   0   0   0.0278909   0.0971071   0.78157   0.0936943   0.0541209   0.0134522   0.0468516   0.11314   0   0   0   0   0   0   0   0   0   0.0103818   0   0   0   0   0   0   0   0   0   0   0   0   0   0   0   0   0   0   0   0   0   0   0   0   0   0   0   0   0   0   0   
0   1L1W_1   ADE   15   H2'   4.59   4.02   0 1 0 0   -0.10894   0.00837682   0.0149649   0.00960695   0   0   0.0126418   0.00851658   0.0107856   0   0   0   0   0.0104957   0   0.0103085   0   0.00942612   0   0   0.0976709   0.773326   0.10046   0.0512596   0.0328291   0.0180084   0.0637954   0.0255666   0   0.0139491   0.00915665   0   0.0424683   0   0   0   0.0139853   0.0461102   0   0   0   0   0   0   0   0   0   0   0   0   0   0   0   0   0   0   0   0   0   0   0   0   0   0   0   0   0   0   0   
0   1L1W_1   ADE   15   H1'   5.9   5.03   0 1 0 0   -0.0764284   0.0287102   0.0099501   0.00975791   0.0196148   0.0171073   0.0196806   0.0240524   0   0   0.0126453   0.0100069   0   0.028582   0   0   0.00980189   0.0143815   0.0276797   0   0.784007   0.101277   0.0574927   0.0508357   0.0141939   0   0.0107772   0.0560648   0.0138235   0.0484769   0.0157045   0   0.0276736   0   0.0426869   0   0.0127871   0.109322   0   0   0   0   0   0   0   0   0   0   0   0   0   0   0   0   0   0   0   0   0   0   0   0   0   0   0   0   0   0   0   
0   1L1W_1   ADE   15   H8   8.16   8.6   0 1 0 0   -0.126209   0.00892102   0.0273911   0.00867998   0   0   0   0   0   0.0288693   0.0212039   0.0144556   0.00999171   0.01662   0.0132193   0.0392883   0.0272723   0.0233295   0.0181258   0.0100083   0.0418854   0.0482169   0.0132469   0.0108061   0   0   0.012884   0   0   0.0301473   0.0313228   0.0105681   0.791066   0   0.0109202   0   0.106638   0.101216   0   0   0   0   0   0   0   0   0   0   0   0   0   0   0   0   0   0   0   0   0   0   0   0   0   0   0   0   0   0   0   
0   1L1W_1   ADE   15   H2   8   8.68   0 1 0 0   -0.136147   0.0147523   0   0   0   0   0   0   0   0.0329042   0.0268196   0.0198242   0.034581   0   0.0365706   0.0234152   0.0325564   0.0106938   0.0115654   0.0279726   0   0   0   0   0   0   0   0   0.79484   0.0297854   0.01869   0.0284802   0   0.115269   0.115414   0.0120964   0   0.0111226   0   0   0   0   0   0   0   0   0   0   0   0   0   0   0   0   0   0   0   0   0   0   0   0   0   0   0   0   0   0   0   
0   1L1W_1   GUA   16   H5'   4.34   3.78   1 0 0 0   -0.0541254   0.0144603   0.0115591   0.0235174   0.105196   0.76433   0.0496578   0.111543   0.0145841   0   0   0   0   0   0   0   0   0   0   0   0.00935025   0.00849213   0.0129056   0.00883907   0   0   0   0.0414447   0   0   0   0   0   0   0   0   0   0   0   0   0   0   0   0   0   0   0   0   0   0   0   0   0   0   0   0   0   0   0   0   0   0   0   0   0   0   0   0   0   
0   1L1W_1   GUA   16   H5''   4.41   3.58   1 0 0 0   -0.0295612   0.0117363   0.0136946   0.0451774   0.0983779   0.771431   0.0309643   0.114143   0.0378925   0   0   0   0   0   0   0   0   0   0   0   0   0   0   0   0   0   0   0.0148672   0   0   0   0   0   0   0   0   0   0   0   0   0   0   0   0   0   0   0   0   0   0   0   0   0   0   0   0   0   0   0.0127991   0   0   0   0   0   0   0   0   0   0   
0   1L1W_1   GUA   16   H4'   4.53   4   1 0 0 0   -0.0643724   0.0464394   0.0562069   0.101547   0.765269   0.103026   0.0100261   0.0265958   0.0544294   0   0   0   0   0.00925721   0   0   0   0   0.0142768   0   0   0   0   0   0   0   0   0.00972016   0   0   0   0   0   0   0   0   0   0   0   0   0   0   0   0   0   0   0   0   0   0   0   0   0   0   0   0   0   0   0.0130359   0.00913932   0   0   0   0   0   0   0   0   0   
0   1L1W_1   GUA   16   H3'   4.85   4.14   1 0 0 0   -0.0368925   0.0499534   0.096834   0.764908   0.0998115   0.0456394   0.0112624   0.042266   0.1099   0   0.0142831   0.00969871   0   0.0367236   0   0   0.00820773   0.0143127   0.0369949   0   0   0   0   0   0   0   0   0   0   0   0   0   0   0   0   0   0   0   0   0   0   0   0   0   0   0   0   0   0   0   0   0   0   0   0   0   0.00821672   0.0139173   0.0433999   0.0346251   0   0   0   0.012626   0.0156905   0   0   0   0   
0   1L1W_1   GUA   16   H2'   4.73   4.02   1 0 0 0   -0.0292845   0.100017   0.786005   0.0941046   0.0279884   0.00997867   0   0.00805691   0.0408707   0.0130296   0.0399661   0.0160954   0   0.0260255   0   0   0.0330035   0.0136278   0.0649541   0   0   0   0   0   0   0   0   0   0   0   0   0   0   0   0   0   0   0   0   0   0   0   0   0   0   0   0   0   0   0   0   0   0   0.0203822   0.0097779   0.013757   0.0347601   0.0543202   0.0278858   0.0726699   0   0   0   0.0119129   0.025123   0.0174355   0   0   0   
0   1L1W_1   GUA   16   H1'   5.92   5.05   1 0 0 0   -0.0691377   0.788161   0.102585   0.0288919   0.035938   0.0117981   0   0.00908548   0.0118781   0.0143779   0.0502684   0.0160165   0   0.0262126   0   0.00877271   0.0456655   0.012629   0.108404   0   0.0121297   0   0   0   0   0   0   0   0.0344977   0.0220892   0.0115536   0.0102528   0   0.0156914   0.0459291   0   0   0.0135495   0   0   0   0   0   0   0   0   0   0   0   0   0   0   0   0   0   0   0   0   0   0   0   0   0   0   0   0   0   0   0   
0   1L1W_1   GUA   16   H8   7.78   7.69   1 0 0 0   -0.133661   0.0400883   0.0209417   0.0264384   0.0244814   0.0192562   0.0173269   0.0409754   0.00985591   0   0.0301719   0.0316517   0.0106618   0.801258   0   0.0133529   0.0109288   0.109931   0.0994354   0   0.0230026   0.0248493   0.0123483   0   0   0   0   0.014964   0   0.0132606   0.00883767   0   0.0158867   0   0.00979655   0   0.00948211   0.0205795   0   0   0   0   0   0   0   0   0   0   0   0   0   0   0   0   0   0   0   0   0   0   0   0   0.00954805   0.0169932   0.0139855   0   0   0   0   
0   1L1W_1   CYT   17   H5'   4.38   3.78   0 0 1 0   -0.016064   0.0137763   0.0467236   0.0224242   0.00967869   0   0   0   0.0297526   0   0   0   0   0   0   0   0.0094841   0   0.00896756   0   0   0   0   0   0   0   0   0   0   0   0   0   0   0   0   0   0   0   0   0   0   0   0   0   0   0   0   0   0   0   0   0   0   0.0143353   0.0110256   0.023311   0.0983604   0.779426   0.0358247   0.108956   0.0145765   0   0   0   0.00907117   0.00818609   0   0   0   
0   1L1W_1   CYT   17   H4'   4.3   4   0 0 1 0   -0.0202194   0   0.0101108   0   0   0   0.0138004   0.0106571   0   0   0   0   0   0   0   0   0.00857889   0   0   0   0   0   0   0   0   0   0   0   0   0   0   0   0   0   0   0   0   0   0   0   0   0   0   0   0   0   0   0   0   0   0   0   0   0.0448594   0.050867   0.101081   0.767217   0.100219   0.00897232   0.0264194   0.057614   0   0   0   0.0101022   0.0138143   0   0   0   
0   1L1W_1   CYT   17   H3'   4.41   4.14   0 0 1 0   -0.0304281   0   0   0   0   0.0110225   0.0404616   0.0208069   0   0   0   0   0   0.00902614   0   0   0   0   0   0   0   0   0   0   0   0   0   0   0   0   0   0   0   0   0   0   0   0   0   0   0   0   0   0   0   0   0   0   0   0   0   0   0   0.0465415   0.100226   0.768817   0.0996183   0.0495898   0.0170818   0.0599863   0.112063   0.0121968   0   0.0150996   0.0374412   0.0318541   0   0   0.00802168   
0   1L1W_1   CYT   17   H2'   4.59   4.02   0 0 1 0   -0.0475816   0.0247232   0.009604   0.0110065   0.0250103   0.0291713   0.0286428   0.0462453   0   0   0.0107734   0.00896156   0   0.0350373   0   0   0   0.0153081   0.0252685   0   0   0   0   0   0   0   0   0   0   0   0   0   0   0   0   0   0   0   0   0   0   0   0   0   0   0   0   0   0   0   0   0   0   0.0940142   0.773371   0.0979742   0.0279118   0.0104508   0   0.00966505   0.0384382   0.0351096   0.0109416   0.0134529   0.028365   0.0603825   0.0152556   0   0.0289036   
0   1L1W_1   CYT   17   H1'   5.05   5.28   0 0 1 0   -0.0484265   0.00885928   0   0   0   0   0   0   0   0.0338197   0.0152119   0.0123468   0.0144416   0   0.0249429   0.029482   0.0235959   0   0.00825829   0.00858281   0   0   0   0   0   0   0   0   0   0   0   0   0   0   0   0   0   0   0   0   0   0   0   0   0   0   0   0   0   0   0   0   0   0.768079   0.0966751   0.0286534   0.0365347   0.0118222   0   0.00881784   0.0118231   0.0542276   0.00943902   0.0109412   0.0264282   0.102856   0.0157558   0   0.0658334   
0   1L1W_1   CYT   17   H5   6   6.2   0 0 1 0   -0.0617576   0   0   0.00890848   0   0   0   0   0   0   0.0103819   0.0147219   0.00880302   0.0229334   0   0.00983967   0   0.0357214   0.0121576   0   0   0   0   0   0   0   0   0   0   0   0   0   0   0   0   0   0   0   0   0   0   0   0   0   0   0   0   0   0   0   0   0   0   0.0101358   0   0   0   0   0   0.0105398   0   0.0171012   0.0905816   0.793534   0.106321   0.0261984   0.0250589   0.049874   0   
0   1L1W_1   CYT   17   H6   7.9   7.8   0 0 1 0   -0.0478976   0.0130136   0.0222864   0.0188961   0   0   0   0   0.0133874   0.00862492   0.0192893   0.0168755   0.00975305   0.0205945   0   0   0.012663   0.0174755   0.020367   0   0   0   0   0   0   0   0   0   0   0   0   0   0   0   0   0   0   0   0   0   0   0   0   0   0   0   0   0   0   0   0   0   0   0.0495257   0.0255885   0.0324263   0.0332376   0.0267344   0.019932   0.0607113   0.0112296   0.0255087   0.0261361   0.10873   0.796912   0.102294   0.0177148   0.0110345   0.0114623   
0   1L1W_1   GUA   18   H4'   4.47   4   1 0 0 0   -0.0479664   0.0396992   0.0464773   0.0991229   0.766844   0.0991305   0.0264672   0.0612666   0.0589839   0   0   0   0   0.00993993   0   0   0   0   0.0139684   0   0   0   0   0   0   0   0   0   0   0   0   0   0   0   0   0   0   0   0   0   0   0   0   0   0   0   0   0   0   0   0   0   0   0   0.0108833   0   0   0   0   0   0.00803154   0   0   0   0   0   0   0   0   
0   1L1W_1   GUA   18   H3'   4.59   4.14   1 0 0 0   -0.0517029   0.0504337   0.0999189   0.765264   0.100987   0.0665589   0.0449548   0.0438005   0.110449   0   0.0166869   0.0114558   0   0.0528616   0   0   0.00940035   0.0267093   0.0416017   0   0   0   0   0   0   0   0   0   0   0   0   0   0   0   0   0   0   0   0   0   0   0   0   0   0   0   0   0   0   0   0   0   0   0   0   0   0   0   0   0   0   0   0   0   0   0   0   0   0   
0   1L1W_1   GUA   18   H2'   4.63   4.02   1 0 0 0   -0.0477684   0.115644   0.782767   0.107103   0.0508895   0.0404724   0.0250652   0.0496458   0.039401   0.0138077   0.0482556   0.0246463   0   0.0652734   0.00809081   0.00856029   0.0345016   0.0304115   0.0813101   0   0   0   0   0   0   0   0   0   0   0   0   0   0   0   0   0   0   0   0   0   0   0   0   0   0   0   0   0   0   0   0   0   0   0   0   0   0   0   0   0   0   0   0   0   0   0   0   0   0   
0   1L1W_1   GUA   18   H1'   5.73   5.05   1 0 0 0   -0.0666268   0.768147   0.0965892   0.0278233   0.0323593   0.0114957   0   0.00884316   0.0113299   0.0140203   0.0486551   0.0156033   0   0.0265507   0   0.0194683   0.0442679   0.0125371   0.106927   0   0   0   0   0   0   0   0   0   0   0   0   0   0   0   0   0   0   0   0   0   0   0   0   0   0   0   0   0   0   0   0   0   0   0.00881212   0.0118105   0   0   0   0   0   0   0.0141243   0   0   0   0.0084358   0.00899607   0   0.0286131   
0   1L1W_1   GUA   18   H8   7.66   7.69   1 0 0 0   -0.0883099   0.0392836   0.0186653   0.0250338   0.029837   0.0331885   0.0123611   0.0198384   0.00944963   0   0.0300296   0.0315813   0.0106449   0.79722   0   0   0.010887   0.110088   0.0983393   0   0   0   0   0   0   0   0   0   0   0   0   0   0   0   0   0   0   0   0   0   0   0   0   0   0   0   0   0   0   0   0   0   0   0.0116963   0.0214624   0.0124125   0   0   0   0   0.00890156   0.0179682   0.0121701   0.0110225   0.0126149   0.0161144   0.0151658   0   0.0142361   
0   1L1W_1   GUA   18   H1   12.25   12.36   1 0 0 0   -0.109415   0   0   0   0   0   0   0   0   0.149138   0.0588504   0.0788206   0.172556   0.0204256   1.02002   0.0842447   0.0600302   0.0400244   0.0220768   0.108225   0   0   0   0   0   0   0   0   0   0   0   0   0   0   0   0   0   0   0   0   0   0   0   0   0   0   0   0   0   0   0   0   0   0.00862437   0   0   0   0   0   0   0   0.0635634   0.0318875   0.0119035   0.0101596   0.0169836   0.127437   0.0223719   0.0773905   
0   1L1W_1   GUA   19   H3'   4.48   4.14   1 0 0 0   -0.0497096   0.0503827   0.100716   0.765881   0.100264   0.0617576   0.0611359   0.0883986   0.110702   0   0.0161954   0.0109089   0   0.0481914   0   0   0.00948279   0.0245762   0.0387888   0   0   0   0   0   0   0   0   0   0   0   0   0   0   0   0   0   0   0   0   0   0   0   0   0   0   0   0   0   0   0   0   0   0   0   0   0   0   0   0   0   0   0   0   0   0   0   0   0   0   
0   1L1W_1   GUA   19   H2'   4.53   4.02   1 0 0 0   -0.0499945   0.114563   0.783152   0.108345   0.0498016   0.0379469   0.0256115   0.0579516   0.0396866   0.015457   0.0527851   0.0260114   0.00858633   0.0672764   0.00881409   0.00951725   0.0396393   0.0315816   0.0844937   0   0   0   0   0   0   0   0   0   0   0   0   0   0   0   0   0   0   0   0   0   0   0   0   0   0   0   0   0   0   0   0   0   0   0   0   0   0   0   0   0   0   0   0   0   0   0   0   0   0   
0   1L1W_1   GUA   19   H1'   5.75   5.05   1 0 0 0   -0.0633549   0.766369   0.0959548   0.0281662   0.0343705   0.0114528   0   0.00892569   0.0114387   0.0295905   0.0470578   0.0154479   0   0.026883   0.00881794   0.0311428   0.0560223   0.0125768   0.107248   0   0   0   0   0   0   0   0   0   0   0   0   0   0   0   0   0   0   0   0   0   0   0   0   0   0   0   0   0   0   0   0   0   0   0   0   0   0   0   0   0   0   0   0   0   0   0   0   0   0.00857322   
0   1L1W_1   GUA   19   H8   7.25   7.69   1 0 0 0   -0.100438   0.0570462   0.0540423   0.0465321   0.0346745   0.0231239   0.0209402   0.0541725   0.0247543   0.0134547   0.0546638   0.0483513   0.0213387   0.814599   0.0102973   0.0082333   0.0316845   0.121841   0.121699   0   0   0   0   0   0   0   0   0   0   0   0   0   0   0   0   0   0   0   0   0   0   0   0   0   0   0   0   0   0   0   0   0   0   0   0   0   0   0   0   0   0   0   0   0   0   0   0   0   0   
0   1L1W_1   GUA   19   H1   12.66   12.36   1 0 0 0   -0.104139   0   0   0   0   0   0   0   0   0.130525   0.0428849   0.0566076   0.143397   0.0120301   1.00276   0.0735856   0.045745   0.0272285   0.0133203   0.0964392   0   0   0   0   0   0   0   0   0   0   0   0   0   0   0   0   0   0   0   0   0   0   0   0   0   0   0   0   0   0   0   0   0   0.0110704   0   0   0   0   0   0   0   0.0814105   0.0572257   0.0274246   0.0245536   0.0352116   0.158646   0.0398069   0.0756511   
0   1L1W_1   GUA   20   H3'   4.52   4.14   1 0 0 0   -0.0488522   0.0512832   0.100019   0.767321   0.100413   0.0615181   0.0604826   0.0856435   0.110787   0   0.016762   0.0110968   0   0.0458159   0   0   0.00979117   0.0229453   0.0402236   0   0   0   0   0   0   0   0   0   0   0   0   0   0   0   0   0   0   0   0   0   0   0   0   0   0   0   0   0   0   0   0   0   0   0   0   0   0   0   0   0   0   0   0   0   0   0   0   0   0   
0   1L1W_1   GUA   20   H2'   4.55   4.02   1 0 0 0   -0.0505264   0.112004   0.778474   0.107102   0.0502662   0.0396275   0.0259892   0.059501   0.0400815   0.0156933   0.0516608   0.0164605   0.00844606   0.0569593   0.0087715   0.00973566   0.0411894   0.0278692   0.0796767   0   0   0   0   0   0   0   0   0   0   0   0   0   0   0   0   0   0   0   0   0   0   0   0   0   0   0   0   0   0   0   0   0   0   0   0   0   0   0   0   0   0   0   0   0   0   0   0   0   0   
0   1L1W_1   GUA   20   H1'   5.81   5.05   1 0 0 0   -0.0584289   0.769244   0.0962768   0.0282152   0.0342587   0.0114631   0   0.00906317   0.0113949   0.0337185   0.0556743   0.015574   0   0.0271501   0.010059   0.0426324   0.0586976   0.0127201   0.107541   0   0   0   0   0   0   0   0   0   0   0   0   0   0   0   0   0   0   0   0   0   0   0   0   0   0   0   0   0   0   0   0   0   0   0   0   0   0   0   0   0   0   0   0   0   0   0   0   0   0.00903461   
0   1L1W_1   GUA   20   H8   7.22   7.69   1 0 0 0   -0.0900062   0.0557464   0.0532726   0.0443766   0.0335589   0.0225648   0.0211801   0.0537427   0.0242479   0.0154533   0.0553214   0.0484474   0.0218191   0.810218   0.0113109   0.00971319   0.034153   0.121855   0.11979   0   0   0   0   0   0   0   0   0   0   0   0   0   0   0   0   0   0   0   0   0   0   0   0   0   0   0   0   0   0   0   0   0   0   0   0   0   0   0   0   0   0   0   0   0   0   0   0   0   0   
0   1L1W_1   GUA   20   H1   12.49   12.36   1 0 0 0   -0.0982835   0   0   0   0   0   0   0   0   0.12765   0.0420221   0.0585604   0.144104   0.013247   1.00267   0.0718548   0.0434835   0.0298365   0.0135135   0.0981784   0   0   0   0   0   0   0   0   0   0   0   0   0   0   0   0   0   0   0   0   0   0   0   0   0   0   0   0   0   0   0   0   0   0.00964608   0   0   0   0   0   0   0   0.0769878   0.060351   0.0276298   0.0233847   0.032469   0.16204   0.0437545   0.0701429   
0   1L1W_1   GUA   21   H3'   4.29   4.14   1 0 0 0   -0.0438414   0.0503882   0.0999429   0.765602   0.100633   0.0612471   0.0602916   0.0848978   0.110338   0   0.0155235   0.0102247   0   0.046049   0   0   0.00922126   0.0240038   0.0374873   0   0   0   0   0   0   0   0   0   0   0   0   0   0   0   0   0   0   0   0   0   0   0   0   0   0   0   0   0   0   0   0   0   0   0   0   0   0   0   0   0   0   0   0   0   0   0   0   0   0   
0   1L1W_1   GUA   21   H2'   4.8   4.02   1 0 0 0   -0.0468717   0.115786   0.783225   0.108074   0.0510781   0.0385597   0.0254571   0.0579319   0.0396579   0.0149695   0.0523703   0.0258784   0.00823153   0.0676104   0.00851437   0.00920164   0.0388862   0.0315966   0.0855693   0   0   0   0   0   0   0   0   0   0   0   0   0   0   0   0   0   0   0   0   0   0   0   0   0   0   0   0   0   0   0   0   0   0   0   0   0   0   0   0   0   0   0   0   0   0   0   0   0   0   
0   1L1W_1   GUA   21   H1'   5.75   5.05   1 0 0 0   -0.0583903   0.767876   0.0962869   0.0284005   0.0351863   0.0115581   0   0.00892819   0.0115169   0.0323312   0.047576   0.0156311   0   0.0271294   0.00944549   0.0408583   0.057652   0.0127395   0.107514   0   0   0   0   0   0   0   0   0   0   0   0   0   0   0   0   0   0   0   0   0   0   0   0   0   0   0   0   0   0   0   0   0   0   0   0   0   0   0   0   0   0   0   0   0   0   0   0   0   0.00909945   
0   1L1W_1   GUA   21   H8   7.06   7.69   1 0 0 0   -0.0962782   0.0542055   0.0469941   0.0400675   0.0239935   0.0204575   0.018249   0.0455827   0.02167   0.0171924   0.0561532   0.0491814   0.0227681   0.805278   0.0125858   0.0107307   0.0358285   0.121113   0.118609   0   0   0   0   0   0   0   0   0   0   0   0   0   0   0   0   0   0   0   0   0   0   0   0   0   0   0   0   0   0   0   0   0   0   0   0   0   0   0   0   0   0   0   0   0   0   0   0   0   0   
0   1L1W_1   GUA   21   H1   10.78   12.36   1 0 0 0   -0.102046   0   0   0   0   0   0   0   0   0.137994   0.0440538   0.0538884   0.140744   0.0105388   1.01187   0.0789967   0.0498951   0.0241759   0.0131544   0.0842154   0   0   0   0   0   0   0   0   0   0   0   0   0   0   0   0   0   0   0.00959977   0   0   0   0   0   0   0   0.0623688   0.0184127   0.00892113   0.00877734   0.0166395   0.066805   0.0126094   0.0115616   0   0   0   0   0   0   0   0.0280257   0.0212356   0.0143634   0.0142589   0.0198396   0.0378368   0.0134581   0.0197654   
0   1L1W_1   GUA   22   H3'   4.61   4.14   1 0 0 0   -0.0522973   0.0514419   0.0998314   0.766272   0.100428   0.0497294   0.0155923   0.0589632   0.111051   0   0.0166585   0.0111919   0   0.0375076   0   0   0.00953177   0.0156171   0.041118   0   0   0   0   0   0.0111566   0.0441714   0.0250018   0   0   0   0   0   0.0120998   0   0   0   0.00852209   0   0   0   0   0   0   0   0   0   0   0   0   0   0   0   0   0   0   0   0   0   0   0   0   0   0   0   0   0   0   0   0   
0   1L1W_1   GUA   22   H2'   4.66   4.02   1 0 0 0   -0.0459269   0.0950113   0.780357   0.0966379   0.0277248   0.0102866   0   0.00926414   0.0402324   0.0147833   0.0419054   0.0163316   0.00828337   0.0228137   0.00842464   0.00920201   0.0383807   0.0127871   0.0605885   0   0.0211727   0.00892646   0.0108836   0.023523   0.0285767   0.0262389   0.0490167   0   0   0.00930415   0.00857436   0   0.0382709   0   0   0   0.016703   0.0220107   0   0   0   0   0   0   0   0   0   0   0   0   0   0   0   0   0   0   0   0   0   0   0   0   0   0   0   0   0   0   0   
0   1L1W_1   GUA   22   H1'   5.77   5.05   1 0 0 0   -0.0632013   0.767218   0.104613   0.0280501   0.0339927   0.0114296   0   0.00904235   0.0113037   0.0366555   0.0568867   0.0155377   0   0.02673   0.0111015   0.0460604   0.0618774   0.0125905   0.10675   0   0   0   0   0   0   0   0   0   0   0   0   0   0   0   0   0   0   0   0   0   0   0   0   0   0   0   0   0   0   0   0   0   0   0   0   0   0   0   0   0   0   0   0   0   0   0   0   0   0   
0   1L1W_1   GUA   22   H8   7.27   7.69   1 0 0 0   -0.113455   0.0553703   0.05252   0.046852   0.0350258   0.0239852   0.0226507   0.0595934   0.0254709   0.012924   0.0521713   0.0463753   0.0202427   0.813153   0.00958118   0.00826461   0.0306916   0.120712   0.119086   0   0   0   0   0   0   0   0   0   0   0   0   0   0   0   0   0   0   0   0   0   0   0   0   0   0   0   0   0   0   0   0   0   0   0   0   0   0   0   0   0   0   0   0   0   0   0   0   0   0   
0   1L1W_1   GUA   22   H1   12.69   12.36   1 0 0 0   -0.116784   0   0   0   0   0   0   0   0   0.111603   0.0202179   0.0282222   0.123277   0   0.978043   0.063619   0.0278305   0.0104048   0   0.0792871   0   0   0   0   0   0   0   0   0.015987   0.0194477   0.0294726   0.0333086   0.0118365   0.0225519   0.0142443   0.0249446   0.0184591   0.0118211   0.0110526   0   0   0   0   0   0   0   0.0288722   0.016016   0.0111237   0.0117139   0.018038   0.0278879   0.0104631   0   0   0   0   0   0   0   0   0.0554159   0.0336574   0.0119326   0.00975202   0.0155882   0.12954   0.0248568   0.0612059   
0   1L1W_1   ADE   23   H3'   4.55   4.14   0 1 0 0   -0.0219583   0   0   0   0   0   0   0   0   0   0   0   0   0   0   0   0   0   0   0   0.0495347   0.0989262   0.764611   0.0997651   0.050151   0.0146016   0.0531189   0.107601   0   0.0147768   0.00913339   0   0.026578   0   0.00930651   0   0.0115594   0.0353181   0   0   0   0   0   0   0   0   0   0   0   0   0   0   0   0   0   0   0   0.0126794   0.0456343   0.0313461   0   0   0   0.0207318   0.0222927   0.00901997   0   0   0   
0   1L1W_1   ADE   23   H2'   4.3   4.02   0 1 0 0   -0.0374663   0   0   0   0   0   0   0   0   0   0   0   0   0   0   0   0   0   0   0   0.0943018   0.7835   0.0941409   0.0274164   0.0102132   0   0.00895975   0.0396078   0.0147209   0.0385261   0.0141305   0   0.0193073   0   0.0402271   0   0.0107752   0.0556505   0   0   0   0   0   0   0   0   0   0   0   0   0   0   0   0.0220998   0.0093508   0.0114634   0.0238307   0.029254   0.0220955   0.0414641   0   0.00966724   0.00916546   0.0215739   0.045039   0.0236947   0   0   0   
0   1L1W_1   ADE   23   H1'   5.98   5.03   0 1 0 0   -0.0572827   0   0.00812002   0   0   0   0   0   0   0.0199119   0.00871984   0   0   0   0.00962127   0.0328891   0.0183106   0   0   0   0.784657   0.0992309   0.0285094   0.0347   0.011551   0   0.00933741   0.0117727   0.0137777   0.0503884   0.0168422   0.00813423   0.0288123   0   0.0412561   0   0.01364   0.113325   0   0   0   0   0   0   0   0   0   0   0   0   0   0   0   0   0   0   0   0   0   0   0   0   0   0   0.0081484   0   0   0   0.00811334   
0   1L1W_1   ADE   23   H8   8.02   8.6   0 1 0 0   -0.131739   0.0148372   0.0301537   0.0196659   0   0   0   0   0.014266   0.0151299   0.024831   0.0169736   0.011301   0.0139591   0.0112005   0.00960725   0.0225772   0.0122775   0.0202858   0   0.0393111   0.0165445   0.0189492   0.0230403   0.0203773   0.0200288   0.0481225   0   0   0.0299661   0.0316415   0.0106505   0.796755   0   0.0108184   0   0.110089   0.0981766   0   0   0   0   0   0   0   0   0   0   0   0   0   0   0   0   0   0   0   0   0   0   0   0   0.00974642   0.0161158   0.00985092   0   0   0.00986436   0   
0   1L1W_1   ADE   23   H2   8.23   8.68   0 1 0 0   -0.129464   0   0   0   0   0   0   0   0   0   0   0   0   0   0   0.0091622   0   0   0   0   0   0   0   0   0   0   0   0   0.7962   0.0297093   0.0186679   0.0284843   0   0.115425   0.115222   0.0121203   0   0.0110943   0   0   0   0   0   0   0   0   0   0   0   0   0   0   0   0.0365493   0.0092021   0   0   0   0   0   0   0.0480999   0   0   0.0104329   0.0330072   0.0303762   0   0.0708191   
0   1L1W_1   CYT   24   H3'   4.56   4.14   0 0 1 0   -0.0147118   0   0   0   0   0   0   0   0   0   0   0   0   0   0   0   0   0   0   0   0   0   0   0   0   0   0   0   0   0   0   0   0   0   0   0   0   0   0   0   0   0   0   0   0   0   0   0   0   0   0   0   0   0.0496854   0.100651   0.765822   0.0996342   0.0605345   0.0604734   0.0883499   0.110328   0.0144337   0.00824573   0.0265209   0.0513631   0.0368571   0.00826976   0   0.00982689   
0   1L1W_1   CYT   24   H2'   4.13   4.02   0 0 1 0   -0.0332197   0   0   0   0   0   0   0   0   0   0   0   0   0   0   0   0   0   0   0   0   0   0   0   0   0   0   0   0   0   0   0   0   0   0   0   0   0   0   0   0   0   0   0   0   0   0   0   0   0   0   0   0   0.123992   0.798416   0.110407   0.0529218   0.0376137   0.0254396   0.0566865   0.0401031   0.0519062   0.0195483   0.0325629   0.0732215   0.0901093   0.0153919   0   0.0418777   
0   1L1W_1   CYT   24   H1'   5.54   5.28   0 0 1 0   -0.0700139   0   0   0   0   0   0   0   0   0   0   0   0   0   0   0   0   0   0   0   0   0   0   0   0   0   0   0   0.0232701   0.0102406   0   0   0   0.0129983   0.0197491   0   0   0   0   0   0   0   0   0   0   0   0   0   0   0   0   0   0   0.767731   0.096977   0.0282341   0.0348009   0.0116085   0   0.0088907   0.0115103   0.0532358   0.00973233   0.0114448   0.035774   0.104145   0.015933   0   0.0606957   
0   1L1W_1   CYT   24   H5   5.4   6.2   0 0 1 0   -0.0688804   0   0   0   0   0   0   0   0   0   0   0   0   0   0   0   0   0   0   0   0.013986   0.0149101   0.0167376   0.00892488   0   0   0.0119289   0.00883517   0.00816605   0.0236045   0.0254876   0.0126182   0.0405857   0.00804097   0.0119665   0.00836432   0.0348777   0.0293773   0   0   0   0   0   0   0   0   0   0   0   0   0   0   0   0.0102018   0   0   0   0   0.00888444   0.0117231   0   0.0171217   0.0890395   0.801117   0.108589   0.0264558   0.0249127   0.0573834   0   
0   1L1W_1   CYT   24   H6   7.77   7.8   0 0 1 0   -0.0437832   0   0   0   0   0   0   0   0   0   0   0   0   0   0   0   0   0   0   0   0.016947   0.0360991   0.028817   0.00994682   0   0   0   0.0190717   0.0107071   0.0204823   0.012672   0   0.0140342   0   0.0178829   0   0.0104282   0.0214716   0   0   0   0   0   0   0   0   0   0   0   0   0   0   0   0.0487594   0.0223583   0.0291644   0.0338477   0.0296147   0.023651   0.069084   0.0103918   0.0256983   0.0264424   0.119769   0.810284   0.102723   0.0178753   0.0111273   0.0115734   
0   1L1W_1   CYT   25   H4'   4.14   4   0 0 1 0   -0.027433   0   0   0   0   0   0   0   0   0   0   0   0   0   0   0   0   0   0   0   0   0   0   0   0   0.0155393   0   0   0   0   0   0   0   0   0   0   0   0   0   0   0   0   0   0   0   0   0   0   0   0   0   0   0   0.0439667   0.0631754   0.100905   0.766654   0.101914   0.00919514   0.0266498   0.0535991   0   0   0   0.009971   0.0138472   0   0   0   
0   1L1W_1   CYT   25   H3'   4.59   4.14   0 0 1 0   -0.032115   0   0   0   0   0   0   0   0   0   0   0   0   0   0   0   0   0   0   0   0.0112182   0   0   0.0127861   0.0169154   0.0481352   0.048721   0   0   0   0   0   0.0239797   0   0   0   0.0129167   0.0124205   0   0   0   0   0   0   0   0   0   0   0   0   0   0   0   0.0517239   0.10092   0.765712   0.0983235   0.0451714   0.0132631   0.0492176   0.108777   0.015534   0.00892111   0.0165114   0.0423653   0.0396256   0.00887721   0   0.010482   
0   1L1W_1   CYT   25   H2'   4.38   4.02   0 0 1 0   -0.0381507   0   0   0   0   0   0   0   0   0   0   0   0   0   0   0.0110388   0   0   0   0   0.0474398   0.0130903   0.00961216   0.0194124   0.0135583   0.0151119   0.0186911   0   0   0.0155598   0.0116203   0   0.0440441   0   0.00823904   0   0.0178655   0.0394454   0   0   0   0   0   0   0   0   0   0   0   0   0   0   0   0.0970269   0.783425   0.0952513   0.0276607   0.00999823   0   0.00868166   0.0422729   0.045504   0.0107246   0.0121082   0.0249207   0.0624733   0.0170716   0   0.048514   
0   1L1W_1   CYT   25   H1'   5.63   5.28   0 0 1 0   -0.0544882   0   0   0   0   0   0   0   0   0   0   0   0   0   0   0   0   0   0   0   0   0   0   0   0   0   0   0   0.0223339   0   0   0   0   0.0167418   0.0118925   0   0   0   0   0   0   0   0   0   0   0   0   0   0   0   0   0   0   0.767121   0.107622   0.0282557   0.0349039   0.011778   0   0.00921264   0.0115721   0.0662828   0.00965969   0.0111516   0.0267903   0.103748   0.0241907   0   0.0878981   
0   1L1W_1   CYT   25   H5   5.64   6.2   0 0 1 0   -0.060557   0   0   0   0   0   0   0   0   0   0   0   0   0   0   0   0   0   0   0   0   0   0   0   0   0   0   0   0   0   0.00801756   0   0.0106354   0   0   0   0.0160897   0   0   0   0   0   0   0   0   0   0   0   0   0   0   0   0   0.00993284   0.00993612   0.0091549   0   0   0   0.0107803   0   0.0326505   0.110431   0.810386   0.122032   0.0407539   0.0431616   0.0623148   0.00983803   
0   1L1W_1   CYT   25   H6   7.81   7.8   0 0 1 0   -0.0594064   0   0   0   0   0   0   0   0   0   0   0   0   0   0   0   0   0   0   0   0   0   0   0   0   0   0.00828778   0   0   0   0   0   0.012002   0   0   0   0.011108   0   0   0   0   0   0   0   0   0   0   0   0   0   0   0   0   0.0609952   0.0532693   0.0514118   0.0321845   0.0269122   0.0228155   0.0660466   0.026546   0.0433987   0.0349586   0.117738   0.815403   0.119067   0.0299113   0.0109874   0.0281071   
0   1L1W_1   ADE   26   H4'   4.38   4   0 1 0 0   -0.0296907   0   0   0   0   0   0   0   0   0   0   0   0   0   0   0   0   0   0   0   0.0337779   0.0364335   0.100759   0.787395   0.101678   0.0320969   0.0415483   0.0676814   0   0   0   0   0.0109699   0   0   0   0   0.0143477   0   0   0   0   0   0   0   0   0   0   0   0   0   0   0   0   0.0103934   0.0117211   0   0   0.016935   0.00844286   0.0262928   0   0   0   0   0   0   0   0   
0   1L1W_1   ADE   26   H3'   4.67   4.14   0 1 0 0   -0.0283895   0   0   0   0   0   0   0   0   0   0   0   0   0   0   0   0   0   0   0   0.0428812   0.100846   0.77338   0.100714   0.0609545   0   0.0171032   0.108351   0   0.0180562   0.0103158   0   0.0197814   0   0.012824   0   0.0106071   0.0335005   0   0   0   0   0   0   0   0   0   0   0   0   0   0   0   0.00870661   0   0   0.00995963   0.0157022   0.0483182   0.03836   0   0   0.011253   0.0352118   0.0385678   0.0130682   0   0   0   
0   1L1W_1   ADE   26   H2'   4.49   4.02   0 1 0 0   -0.0415359   0   0   0   0   0   0   0   0   0   0   0   0   0   0   0.00881295   0   0   0   0   0.0934441   0.776011   0.094635   0.0269379   0.0118603   0   0   0.0374141   0.01767   0.040306   0.0136178   0   0.0158029   0.0085763   0.0532033   0   0.00943544   0.0497133   0   0   0   0   0   0   0   0   0   0   0   0   0   0   0   0.0203136   0.00841365   0.00983776   0.0208161   0.0248656   0.0178157   0.028887   0   0.00940232   0.00935784   0.0215161   0.0413894   0.0219802   0   0   0   
0   1L1W_1   ADE   26   H1'   5.86   5.03   0 1 0 0   -0.0559102   0   0   0   0   0   0   0   0   0.0128939   0   0   0   0   0.00950941   0.0278439   0   0   0   0   0.768108   0.0968988   0.0269789   0.029968   0.0120594   0   0.00919451   0.0118798   0.0112001   0.0421987   0.0155768   0   0.0313424   0   0.0307559   0   0.0137904   0.108921   0   0   0   0   0   0   0   0   0   0   0   0   0   0   0   0.0104924   0.0232033   0.0107657   0   0   0   0   0.0103818   0.0135599   0   0   0   0.00986389   0.0084979   0   0.0213666   
0   1L1W_1   ADE   26   H8   8.12   8.6   0 1 0 0   -0.119639   0   0   0   0   0   0   0   0   0   0   0   0   0   0   0   0   0   0   0   0.0404809   0.0144123   0.0152813   0.0300875   0.0427138   0.0189435   0.0595805   0   0   0.0299351   0.0320698   0.010817   0.797591   0   0.0107527   0   0.111839   0.0978597   0   0   0   0   0   0   0   0   0   0   0   0   0   0   0   0.0158054   0.0295802   0.0313491   0.0106671   0   0   0.00814859   0.0216486   0.0184687   0.0137361   0.0275888   0.0232283   0.0230733   0.0142508   0   0.0127609   
0   1L1W_1   ADE   26   H2   7.38   8.68   0 1 0 0   -0.123643   0.0157891   0   0   0   0   0   0   0   0.024856   0.0337712   0.0207369   0.0150421   0.0130188   0.0170777   0.0145837   0.0365539   0.0120646   0.022556   0.00819313   0   0   0   0   0   0   0   0   0.790523   0.0294313   0.0186782   0.0285526   0   0.116081   0.113445   0.0120555   0   0.0109405   0   0   0   0   0   0   0   0   0.0162044   0   0   0   0   0.0158097   0   0.0210211   0   0   0   0   0   0   0   0.0250244   0.0112766   0.0103655   0.0142563   0.0234655   0.0163959   0   0.0220653   
0   1L1W_1   CYT   27   H4'   4.21   4   0 0 1 0   -0.0328568   0   0   0   0   0   0   0   0   0   0   0   0   0   0   0   0   0   0   0   0   0   0   0   0   0   0   0   0   0   0   0   0   0   0   0   0   0   0   0   0   0   0   0   0   0   0   0   0   0   0   0   0   0.0419868   0.0483949   0.0999173   0.768442   0.100753   0.0227679   0.0352401   0.0591762   0   0   0   0.0102556   0.0137015   0   0   0   
0   1L1W_1   CYT   27   H3'   4.5   4.14   0 0 1 0   -0.016066   0   0   0   0   0   0   0   0   0   0   0   0   0   0   0   0   0   0   0   0   0   0   0   0   0   0   0.00845836   0   0   0   0   0   0   0   0   0   0   0   0   0   0   0   0   0   0   0   0   0   0   0   0   0   0.0493149   0.101715   0.767091   0.0989413   0.0626456   0.0626653   0.0970988   0.109692   0.0144872   0   0.0256711   0.0481546   0.0362227   0.00805065   0   0.0101783   
0   1L1W_1   CYT   27   H2'   4.38   4.02   0 0 1 0   -0.0367994   0   0   0   0   0   0   0   0   0   0   0   0   0   0   0.00841988   0   0   0   0   0   0   0   0   0   0   0   0   0   0   0   0   0   0   0   0   0   0   0   0   0   0   0   0   0   0   0   0   0   0   0   0   0   0.115483   0.785726   0.107764   0.0510418   0.0393254   0.0233608   0.0550858   0.0389816   0.0490977   0.0177562   0.02912   0.0607735   0.0800134   0.0145801   0   0.0443769   
0   1L1W_1   CYT   27   H1'   5.42   5.28   0 0 1 0   -0.0433445   0   0   0   0   0   0   0   0   0   0   0   0   0   0   0   0   0   0   0   0   0   0   0   0   0   0   0   0.023216   0.00870934   0   0   0   0.011645   0.0190424   0   0   0   0   0   0   0   0   0   0   0   0   0   0   0   0   0   0   0.766714   0.0971632   0.028342   0.034252   0.0115542   0   0.00887635   0.0116604   0.053907   0.0100276   0.0116936   0.0282674   0.105164   0.0164019   0   0.0590753   
0   1L1W_1   CYT   27   H5   5.18   6.2   0 0 1 0   -0.0618103   0   0   0   0   0   0   0   0   0   0   0   0   0   0   0   0   0   0   0   0.0147957   0.0168707   0.0244293   0.0148271   0.0192417   0   0.00966721   0.0111377   0.0105371   0.0262212   0.023919   0.0133807   0.0258608   0.00963609   0.0155173   0.0083527   0.0230855   0.0278042   0   0   0   0   0   0   0   0   0   0   0   0   0   0   0   0.0101271   0   0   0   0   0.0099301   0.0121401   0   0.0169397   0.0959344   0.789803   0.107197   0.0261298   0.0246795   0.0573198   0   
0   1L1W_1   CYT   27   H6   7.59   7.8   0 0 1 0   -0.0628863   0   0   0   0   0   0   0   0   0   0   0   0   0   0   0   0   0   0   0   0.0159475   0.0372621   0.0402174   0.0128765   0.0097086   0   0   0.0240193   0.0127629   0.0190081   0.0106916   0   0.00977492   0.00802737   0.0213226   0   0   0.0175587   0   0   0   0   0   0   0   0   0   0   0   0   0   0   0   0.0491736   0.021356   0.0273518   0.0347866   0.0322198   0.0260838   0.0719524   0.00987198   0.0259142   0.0264103   0.119423   0.812895   0.104153   0.0179936   0.0110175   0.011633   
0   1L1W_1   CYT   28   H3'   4.45   4.14   0 0 1 0   -0.0288372   0   0   0   0   0   0   0   0   0   0   0   0   0   0   0   0   0   0   0   0   0   0   0   0.0122561   0.0417927   0.0230971   0   0   0   0   0   0.00919518   0   0   0   0   0   0   0   0   0   0   0   0   0   0   0   0   0   0   0   0   0.0465827   0.100598   0.766273   0.0994545   0.0499324   0.0163681   0.0624046   0.111367   0.0119914   0   0.013383   0.0335105   0.0305465   0   0   0.00831934   
0   1L1W_1   CYT   28   H2'   4.4   4.02   0 0 1 0   -0.0420601   0   0   0   0   0   0   0   0   0   0   0   0   0   0   0   0   0   0   0   0.0198422   0.00834985   0.0100118   0.0233879   0.0299747   0.027764   0.0512538   0   0   0.00859112   0   0   0.0325343   0   0   0   0.0143893   0.0200113   0   0   0   0   0   0   0   0   0   0   0   0   0   0   0   0.0937306   0.77104   0.0968055   0.0277318   0.0104424   0   0.00979774   0.0383485   0.0367574   0.0105534   0.0129361   0.0277792   0.0610043   0.0151628   0   0.0331152   
0   1L1W_1   CYT   28   H1'   5.47   5.28   0 0 1 0   -0.0522409   0   0   0   0   0   0   0   0   0.0167251   0   0   0   0   0.00982982   0.0401141   0.0104417   0   0   0   0   0   0   0   0   0   0   0   0   0   0   0   0   0   0   0   0   0   0   0   0   0   0   0   0   0   0   0   0   0   0   0   0   0.766018   0.0971966   0.02941   0.0383333   0.0121691   0   0.00895145   0.012209   0.0632859   0.00959537   0.0110265   0.026443   0.102832   0.0160811   0   0.0800379   
0   1L1W_1   CYT   28   H5   5.38   6.2   0 0 1 0   -0.0556061   0   0   0   0   0   0   0   0   0   0   0   0   0   0   0   0   0   0   0   0   0   0   0   0   0   0   0   0   0   0   0   0.00805586   0   0   0   0.0113939   0   0   0   0   0   0   0   0   0   0   0   0   0   0   0   0   0.0190239   0.0101896   0.00960479   0   0   0   0.00929302   0   0.0357883   0.115035   0.817862   0.127548   0.0446272   0.0464382   0.0638964   0.0110933   
0   1L1W_1   CYT   28   H6   7.61   7.8   0 0 1 0   -0.0693934   0   0   0   0   0   0   0   0   0   0   0   0   0   0   0   0   0   0   0   0   0   0   0   0   0   0   0   0   0   0   0   0.00801873   0   0   0   0   0   0   0   0   0   0   0   0   0   0   0   0   0   0   0   0   0.0620156   0.0519594   0.0497411   0.0304615   0.0240564   0.0188494   0.0525295   0.0245821   0.0435135   0.0348598   0.116619   0.807711   0.119559   0.0298297   0.0109483   0.028078   
0   1L1W_1   ADE   29   H2'   4.05   4.02   0 1 0 0   -0.0262866   0   0   0   0   0   0   0   0   0   0   0   0   0   0   0   0   0   0   0   0.0926671   0.7709   0.0960482   0.0269836   0.0106562   0   0   0.0408565   0.0160055   0.0414169   0.0151839   0.00827221   0.0192638   0.00852091   0.0437796   0   0.0112095   0.0552516   0   0   0   0   0   0   0   0   0   0   0   0   0   0   0   0   0   0   0   0   0   0   0   0   0   0   0   0   0   0   0   
0   1L1W_1   ADE   29   H1'   5.98   5.03   0 1 0 0   -0.0609523   0   0   0   0   0   0   0   0   0.0205329   0   0   0   0   0.0130661   0.0471038   0.0115212   0   0   0   0.770462   0.0968401   0.0280181   0.0323252   0.0114619   0   0.00848505   0.0115012   0.0127572   0.045616   0.0155129   0   0.027853   0   0.0376095   0   0.0128739   0.107147   0   0   0   0   0   0   0   0   0   0   0   0   0   0   0   0   0.0088781   0   0   0   0   0   0   0.0116247   0   0   0   0   0.00848685   0   0.0212738   
0   1L1W_1   ADE   29   H8   8.02   8.6   0 1 0 0   -0.10411   0   0   0   0   0   0   0   0   0   0   0   0   0   0   0   0   0   0   0   0.0396411   0.0167402   0.0208669   0.0282985   0.0313228   0.01161   0.0206373   0.0081444   0   0.0299485   0.0316907   0.0106733   0.79834   0   0.0108036   0   0.110394   0.098103   0   0   0   0   0   0   0   0   0   0   0   0   0   0   0   0.0142074   0.0249649   0.0140373   0   0   0   0   0.00923023   0.0238953   0.0149837   0.0142492   0.0170826   0.0216644   0.0189218   0.00874205   0.0184514   
0   1L1W_1   ADE   29   H2   7.36   8.68   0 1 0 0   -0.109472   0.0164768   0   0   0   0   0   0   0   0.0188692   0.0315463   0.0218769   0.0151029   0.0143557   0.0147473   0.0107082   0.0278753   0.0135665   0.0234523   0.00863221   0   0   0   0   0   0   0   0   0.794998   0.0296782   0.0186673   0.0284575   0   0.115296   0.115098   0.0120842   0   0.0110779   0   0   0   0   0   0   0   0   0   0   0   0   0   0   0   0   0   0   0   0   0   0   0   0   0   0   0   0   0   0   0   
