resnameG 0.273144528742645 0.338202185156196 0.184616449947222 0.272674724459648
resnameA 0.576968784323411 0.311660418652537 0.184616449947222 0.576968789100647
resnameC 1.48542604073956 0.384847332103458 0.184616449947222 1.76226988434792
resnameU 2.91611254700116 0.42517293754091 0.184616449947222 2.9161125421524
ringCurrent -0.418951977478028 0.106261490397212 0.184616449947222 -0.418951973319054
GUA.C1p 1.49225340450738 0.494637005877393 0.184616449947222 1.4922526627779
GUA.C2p 0.301544172771539 0.811075445439357 0.184616449947222 0.880965694785118
GUA.C3p -8.58899858108794 2.37173423738721 0.184616449947222 -8.58899858593941
GUA.C4p 8.55396220523841 1.16359224324627 0.184616449947222 8.55396220088005
GUA.C5p -2.89220458045414 1.57776825462877 0.184616449947222 -3.21951170265675
GUA.P -0.473054045558914 1.19198854030445 0.184616449947222 -0.496963620185852
GUA.O5p -0.0635330492757608 1.05099136295105 0.184616449947222 -0.0635330528020859
GUA.O3p 7.18800939372643 1.33511627435376 0.184616449947222 7.18800939619541
GUA.C2 4.28372914128931 1.40698063813871 0.184616449947222 4.28372913599014
GUA.C4 -5.10590557493577 1.8000514575189 0.184616449947222 -5.1059055775404
GUA.C5 -31.5638905583629 2.06120378031358 0.184616449947222 -31.589566424489
GUA.C6 -6.7079727695654 2.36818853534422 0.184616449947222 -6.70797276496887
GUA.C8 2.0413391082431 1.18095601872263 0.184616449947222 2.06001906096935
GUA.N1 5.00320470277532 1.53765855046674 0.184616449947222 5.00320470333099
GUA.N2 -0.964542445931231 0.408462493427172 0.184616449947222 -0.96454244852066
GUA.N3 4.51488167499812 1.12675546617618 0.184616449947222 4.51488167047501
GUA.N7 14.78427245867 1.2266930493075 0.184616449947222 14.7734489440918
GUA.N9 -5.13372109720285 1.21776413714186 0.184616449947222 -5.14836978912354
GUA.O6 5.18533173967126 0.929990162518407 0.184616449947222 5.0484946668148
ADE.C1p 1.33156725158229 0.457995882353932 0.184616449947222 1.33156725764275
ADE.C2p 0.335302647964712 0.644562326662981 0.184616449947222 0.345939546823502
ADE.C3p -8.25485073669095 1.97406857001299 0.184616449947222 -8.25485073029995
ADE.C4p 3.26677299347898 1.04411212284233 0.184616449947222 4.14208008348942
ADE.C5p -4.31364754670142 1.06634810002581 0.184616449947222 -4.3136475533247
ADE.P -1.97119164772194 0.866725157627622 0.184616449947222 -1.97119164466858
ADE.O5p 0.0296687768760872 0.769486445795373 0.184616449947222 0.0388605445623398
ADE.O3p 2.80721814784623 1.15200197358005 0.184616449947222 2.80721814930439
ADE.C2 -5.63547568456118 0.891090031674838 0.184616449947222 -5.63547568023205
ADE.C4 -21.4047081601327 1.50359045607391 0.184616449947222 -21.4047081619501
ADE.C5 -27.5500256438813 1.39058811275896 0.184616449947222 -27.5500256419182
ADE.C6 -4.32053561084159 2.01302111108173 0.184616449947222 -4.32053561508656
ADE.C8 6.64023877260126 0.840798032356887 0.184616449947222 6.64023877680302
ADE.N1 6.07015421956037 1.18754707447082 0.184616449947222 6.01780869066715
ADE.N3 10.7449366385959 0.95214056938528 0.184616449947222 10.744936645031
ADE.N6 5.41369112344923 0.516485091538257 0.184616449947222 5.58446343243122
ADE.N7 5.74136290136289 0.385909745324367 0.184616449947222 5.74136289954185
ADE.N9 2.97455115552304 1.19950100435739 0.184616449947222 2.97455115616322
URA.C1p -3.68115882576804 0.614738458094534 0.184616449947222 -3.61467777192593
URA.C2p 2.70008292514583 0.784045360380892 0.184616449947222 2.70008292794228
URA.C3p 4.44453684108087 1.94862347020202 0.184616449947222 4.89951625466347
URA.C4p -1.58375303207224 1.28442792910328 0.184616449947222 -1.58375303447247
URA.C5p -8.85190674016317 1.75317670751697 0.184616449947222 -8.81363964080811
URA.P 1.73097285572528 1.7820036164611 0.184616449947222 1.73097285628319
URA.O5p -9.14494643790033 1.74365727385897 0.184616449947222 -8.56253381073475
URA.O3p 9.38390593205662 1.14506828025797 0.184616449947222 9.36159285902977
URA.C2 3.06350097122481 0.984312970251351 0.184616449947222 3.06198970973492
URA.C4 -0.715781575222258 1.92560139084908 0.184616449947222 -0.715781569480896
URA.C5 -4.05075400959897 1.51272704619722 0.184616449947222 -4.05075401067734
URA.C6 8.72386965358437 1.48654085543685 0.184616449947222 8.72386965155602
URA.N1 -5.69204886047427 1.35170140099621 0.184616449947222 -5.69204886257648
URA.N3 0.752956529882927 1.44029033048282 0.184616449947222 0.75295652449131
URA.O4 2.71909735370466 1.24853832173498 0.184616449947222 2.71909736096859
CYT.C1p -1.32261371827723 0.557643803693298 0.184616449947222 -1.43178641796112
CYT.C2p -2.90341653667169 0.715695078216158 0.184616449947222 -2.90341652929783
CYT.C3p 3.43939391150304 2.15610020051236 0.184616449947222 3.43939390778542
CYT.C4p 2.96067231634148 1.11873990275472 0.184616449947222 2.96067231893539
CYT.C5p -8.53686246122635 1.34926847469338 0.184616449947222 -8.5357199460268
CYT.P -0.98445935089736 1.34552557530629 0.184616449947222 -0.984459355473518
CYT.O5p -0.405876005472015 1.144288563385 0.184616449947222 -0.405876010656357
CYT.O3p 4.90577996482955 1.22269067621331 0.184616449947222 4.86486001312733
CYT.C2 -3.15017723746688 1.77163278838882 0.184616449947222 -2.69137713313103
CYT.C4 -0.709796435579152 2.30192874214841 0.184616449947222 -1.32177974283695
CYT.C5 0.159431363827154 1.52222542683215 0.184616449947222 0.896133333444595
CYT.C6 -2.82156261393798 1.32717785171691 0.184616449947222 -2.66148878633976
CYT.N1 2.10454819118727 1.29060424849672 0.184616449947222 2.10454818606377
CYT.N3 3.1892810798806 1.53468431889164 0.184616449947222 3.18928107619286
CYT.N4 3.25626833637601 1.46667757265808 0.184616449947222 3.25626833736897
CYT.O2 0.633400451949238 0.676896943051435 0.184616449947222 0.633400455117226
