resnameG 0.270086769806911 0.338983444747377 0.184632171054285 0.270086765289307
resnameA 0.584684284064473 0.312803469664364 0.184632171054285 0.592081487178802
resnameC 1.48869200318938 0.392621168139999 0.184632171054285 1.49439030885696
resnameU 2.91598079748052 0.421433012719083 0.184632171054285 2.97177264094353
ringCurrent -0.419100893336623 0.106970267220909 0.184632171054285 -0.41220435500145
GUA.C1p 1.49612634801268 0.494652521592008 0.184632171054285 1.73325173556805
GUA.C2p 0.29448706088569 0.804155135518981 0.184632171054285 0.302162602543831
GUA.C3p -8.58270204545432 2.36784037780173 0.184632171054285 -8.50739093124866
GUA.C4p 8.54210290702999 1.16623606292212 0.184632171054285 8.46610495448112
GUA.C5p -2.8759136834182 1.58395144116475 0.184632171054285 -2.89838247001171
GUA.P -0.48962963528862 1.1911603593905 0.184632171054285 -0.388503313064575
GUA.O5p -0.0623961277620329 1.06651883460717 0.184632171054285 -0.0584316700696945
GUA.O3p 7.185672138779 1.34258830067511 0.184632171054285 7.185672134161
GUA.C2 4.29438899397189 1.40850108521912 0.184632171054285 4.28229679167271
GUA.C4 -5.11036683313136 1.79079707746602 0.184632171054285 -5.10177645087242
GUA.C5 -31.5495691218849 2.06401516841578 0.184632171054285 -31.5138459652662
GUA.C6 -6.71372871085859 2.37423862501214 0.184632171054285 -6.71372871100903
GUA.C8 2.04719571149324 1.19715857711168 0.184632171054285 2.04719571769238
GUA.N1 4.99966955966493 1.53739423893122 0.184632171054285 4.99966956675053
GUA.N2 -0.973550590758407 0.406465113082634 0.184632171054285 -0.971870496869087
GUA.N3 4.51894678941363 1.12580024776513 0.184632171054285 4.06601156294346
GUA.N7 14.7788564585835 1.24151518082776 0.184632171054285 14.7788564562798
GUA.N9 -5.12904809821023 1.21578205844568 0.184632171054285 -5.1290480941534
GUA.O6 5.17903036381913 0.938174422487843 0.184632171054285 5.17903035879135
ADE.C1p 1.32040760697665 0.458162793898386 0.184632171054285 1.3204076141119
ADE.C2p 0.349199187686897 0.650936245114737 0.184632171054285 0.349199190735817
ADE.C3p -8.26722968723433 1.97678763142148 0.184632171054285 -8.21736665070057
ADE.C4p 3.29362741986276 1.0553151613341 0.184632171054285 3.28877565264702
ADE.C5p -4.32229114561929 1.06608744875229 0.184632171054285 -4.32229115068913
ADE.P -1.96699973564395 0.871259481992587 0.184632171054285 -1.94940049946308
ADE.O5p 0.0261226580007918 0.764992215800966 0.184632171054285 -0.018097311258316
ADE.O3p 2.80533455595541 1.15408047064378 0.184632171054285 2.80533455312252
ADE.C2 -5.6278236298934 0.888126617426851 0.184632171054285 -5.61033618450165
ADE.C4 -21.3894835793385 1.50020163674217 0.184632171054285 -21.3195169568062
ADE.C5 -27.5568103362609 1.38977962912409 0.184632171054285 -27.5579213351011
ADE.C6 -4.30021012583904 2.01305698713787 0.184632171054285 -4.40364722907543
ADE.C8 6.64314065314227 0.831167245703749 0.184632171054285 6.64314065873623
ADE.N1 6.0546425728797 1.17424195863931 0.184632171054285 6.054642572999
ADE.N3 10.7314129912061 0.949300742929876 0.184632171054285 11.0743302404881
ADE.N6 5.4094030740687 0.521054573928104 0.184632171054285 5.39739751815796
ADE.N7 5.74319181761839 0.382895885261752 0.184632171054285 5.7431918233633
ADE.N9 2.96337431070905 1.18291131070584 0.184632171054285 3.57596759498119
URA.C1p -3.68253291206098 0.608910921363646 0.184632171054285 -3.47309213876724
URA.C2p 2.69684491629717 0.782971939399093 0.184632171054285 2.69041530787945
URA.C3p 4.43734976853599 1.95898783897854 0.184632171054285 4.40361753106117
URA.C4p -1.58277280961039 1.28245974271086 0.184632171054285 -1.58277280628681
URA.C5p -8.84387679806734 1.75959175952031 0.184632171054285 -9.03367787599564
URA.P 1.73443075777409 1.79695372207961 0.184632171054285 2.06668339669704
URA.O5p -9.14548986619685 1.74412849723522 0.184632171054285 -9.14548987150192
URA.O3p 9.39441649641731 1.1543969156141 0.184632171054285 9.40935543179512
URA.C2 3.06130956789915 0.985709909279744 0.184632171054285 3.06130956113338
URA.C4 -0.708641130284075 1.94414217961799 0.184632171054285 -1.1408666074276
URA.C5 -4.05265171517238 1.52548414487858 0.184632171054285 -3.90100620687008
URA.C6 8.71425515327655 1.49216658415363 0.184632171054285 8.70663329958916
URA.N1 -5.67527644506986 1.36131859265087 0.184632171054285 -5.67527644336224
URA.N3 0.755640658207167 1.45234733669931 0.184632171054285 0.755640655755997
URA.O4 2.70470652269966 1.26195130082882 0.184632171054285 2.70068077743053
CYT.C1p -1.32718351527243 0.567735512335557 0.184632171054285 -1.32718351483345
CYT.C2p -2.89878396735569 0.717086479928422 0.184632171054285 -2.80687090754509
CYT.C3p 3.40577604893327 2.16892585411613 0.184632171054285 3.53768791258335
CYT.C4p 2.96227892995471 1.12347724652639 0.184632171054285 2.96841651201248
CYT.C5p -8.52950398102679 1.34726663460294 0.184632171054285 -8.47824876010418
CYT.P -0.984415566748342 1.34236482322421 0.184632171054285 -0.983128756284714
CYT.O5p -0.41528586708347 1.13614415474619 0.184632171054285 -0.414992421865463
CYT.O3p 4.92306473439863 1.23356679373151 0.184632171054285 4.94386488199234
CYT.C2 -3.18620651995723 1.77062559870962 0.184632171054285 -3.1992703974247
CYT.C4 -0.70275176470711 2.29961045437482 0.184632171054285 -0.680846825242043
CYT.C5 0.163183852168781 1.51758206011372 0.184632171054285 0.163183853030205
CYT.C6 -2.82823598077049 1.33402070604928 0.184632171054285 -2.68098768591881
CYT.N1 2.11599343156554 1.2872929437641 0.184632171054285 2.243946403265
CYT.N3 3.21590065819593 1.5323594081321 0.184632171054285 3.23370951414108
CYT.N4 3.26460873768304 1.46469281011084 0.184632171054285 2.96788781881332
CYT.O2 0.64608810587321 0.677438075824136 0.184632171054285 0.661578997969627
